1000 1200 769
998 843 1
427 493 2
709 166 1
876 667 2
404 461 1
246 693 2
701 924 2
410 736 2
269 595 2
391 683 2
670 103 1
754 378 2
337 598 2
248 270 1
769 361 1
351 847 2
388 464 2
81 75 1
767 105 2
631 899 1
618 558 1
421 568 2
721 747 2
515 571 1
447 802 1
930 777 1
399 173 1
68 448 1
377 519 2
132 232 2
696 945 1
557 806 1
109 129 2
563 434 1
657 358 1
23 498 2
869 91 1
474 338 1
495 672 1
211 23 2
819 715 1
153 986 1
650 83 2
334 758 1
596 842 1
499 736 2
722 942 1
69 37 2
138 109 1
79 625 1
209 850 2
721 764 2
865 90 2
865 401 2
566 52 2
227 615 2
843 54 2
687 367 2
795 139 1
6 206 2
197 473 1
707 308 2
890 604 2
606 120 1
428 733 2
849 811 2
985 841 1
231 672 2
607 866 2
637 972 1
171 772 2
180 333 1
842 758 2
757 175 2
256 647 1
840 648 2
627 446 2
521 951 1
620 358 1
440 3 1
303 153 1
512 964 2
286 866 1
97 702 2
885 11 2
648 386 1
937 462 2
3 159 2
224 720 2
365 335 1
983 557 2
996 535 1
681 443 2
641 316 1
4 310 1
869 220 2
1 389 2
854 89 2
597 843 1
341 661 2
743 443 2
21 0 2
120 915 1
144 36 1
912 321 1
349 264 1
399 36 1
989 603 1
626 63 2
942 930 1
116 298 1
418 856 2
738 294 2
772 686 2
142 195 2
219 258 1
807 485 1
738 421 1
672 663 2
349 977 2
409 834 2
649 689 1
309 975 2
221 838 1
775 501 1
803 598 2
158 834 1
164 793 1
714 806 2
266 487 1
241 98 2
649 50 2
28 286 1
780 536 2
374 205 2
131 724 1
872 656 2
977 15 1
140 296 2
302 100 1
270 890 2
357 641 1
540 247 2
898 540 1
986 775 2
993 777 1
703 836 1
65 910 1
454 357 2
802 294 1
835 585 2
747 689 2
819 884 1
757 233 2
607 990 2
919 533 2
870 930 2
292 476 1
527 230 1
46 373 1
140 461 1
977 79 2
686 47 2
17 361 2
789 870 1
24 807 2
376 890 2
400 374 1
590 270 1
345 141 1
115 731 1
651 138 2
376 859 2
685 888 1
964 339 1
225 955 1
35 654 1
118 432 1
372 540 2
576 318 1
450 53 2
822 93 1
823 393 1
125 431 2
118 496 2
353 656 1
676 646 1
442 744 2
340 287 1
43 862 1
593 140 1
695 24 1
374 54 2
498 525 1
796 593 1
235 793 2
626 38 2
195 68 2
505 559 1
854 967 2
488 715 2
212 493 2
961 608 2
60 642 2
21 146 2
155 522 1
671 97 2
501 298 2
763 581 2
183 778 1
551 707 2
183 660 2
849 378 1
567 460 1
152 284 1
371 61 1
413 675 2
226 28 1
484 406 2
901 165 2
610 617 2
190 302 1
624 848 2
710 747 1
389 705 1
882 568 1
56 452 1
890 808 2
883 670 1
646 404 2
20 268 2
455 79 2
679 83 2
358 396 2
437 59 2
483 330 2
497 408 1
888 136 1
297 637 1
332 862 1
400 395 1
208 327 1
825 770 2
718 7 1
303 979 1
279 182 2
398 237 2
39 574 1
848 2 1
434 473 1
900 894 1
424 400 1
546 751 1
122 324 2
392 404 2
619 588 1
360 502 2
123 417 1
54 417 2
388 453 2
654 941 1
405 361 2
622 791 1
759 247 1
704 724 2
549 770 2
528 804 1
795 150 2
891 81 1
31 548 2
733 345 2
232 253 1
573 979 2
526 862 2
412 774 1
474 732 2
314 59 1
455 829 1
154 78 1
990 452 2
221 334 2
431 583 2
296 445 1
407 927 1
223 289 1
62 729 2
965 893 1
523 790 1
563 504 2
143 424 2
924 621 1
296 882 1
358 176 1
651 918 1
375 554 2
484 548 2
82 496 1
215 645 2
202 795 1
692 711 1
779 607 2
99 695 2
248 715 2
571 43 1
986 45 1
633 959 2
419 638 1
105 716 2
670 336 2
799 174 1
31 817 2
986 24 1
565 672 1
110 30 1
695 748 1
59 847 1
747 401 2
688 431 2
108 949 1
407 578 2
267 467 1
128 108 2
439 685 1
794 341 2
153 601 1
557 589 1
383 976 2
952 420 2
337 254 1
955 759 2
640 724 2
580 44 2
461 366 2
32 489 2
194 299 1
170 955 2
58 735 2
12 308 1
531 328 2
634 710 2
246 181 2
213 654 1
889 138 1
990 917 1
253 519 2
30 113 2
21 361 2
353 873 2
540 80 1
298 135 2
611 467 2
841 338 2
705 86 1
949 206 2
157 773 2
234 756 1
795 589 1
661 864 1
606 113 1
352 665 1
23 326 2
315 105 1
620 751 2
962 834 2
295 271 1
623 86 1
75 854 1
549 129 2
257 103 2
21 266 1
237 656 2
624 972 1
191 856 1
425 51 1
758 280 2
37 934 2
863 954 1
968 781 1
276 30 2
279 965 2
326 603 2
642 669 1
219 301 1
748 975 2
567 459 2
901 70 1
917 987 2
676 311 1
403 107 1
890 733 2
626 415 1
875 684 2
209 987 1
673 159 1
150 383 1
203 311 2
882 822 1
856 913 1
815 161 2
445 55 1
301 106 1
786 321 1
360 690 2
518 912 1
386 255 1
824 90 2
98 953 1
888 818 1
953 156 2
748 540 1
593 758 1
918 49 1
555 986 2
48 241 2
338 582 2
624 446 2
496 945 2
808 169 1
33 719 1
67 515 2
329 680 2
899 591 1
572 204 2
69 734 2
334 370 2
735 114 1
592 889 2
657 368 1
141 191 1
7 600 2
788 867 1
908 672 2
930 597 1
68 439 1
161 475 2
991 388 2
397 686 1
642 996 1
781 823 1
800 860 2
853 937 1
930 970 1
393 270 1
419 808 1
779 437 2
206 138 1
332 22 2
102 504 2
988 644 1
800 821 1
881 34 1
931 772 2
187 44 1
752 151 2
177 67 2
34 509 1
258 728 1
501 291 1
448 298 1
287 283 2
528 731 1
401 346 2
470 649 2
777 962 2
632 510 2
465 728 1
653 734 1
391 202 2
679 904 2
313 726 1
189 236 2
281 824 2
595 672 2
325 533 1
703 459 1
123 43 2
346 173 2
83 843 1
619 180 1
189 606 2
288 269 1
448 331 2
557 398 2
474 667 2
733 272 2
998 3 2
84 580 1
68 334 1
389 438 1
369 502 1
82 494 2
582 529 2
827 49 2
996 433 1
43 762 2
231 438 2
945 80 1
367 133 2
276 432 2
384 997 2
840 685 1
797 588 1
960 856 1
589 849 1
965 346 2
158 699 2
574 705 1
353 405 1
933 233 1
434 353 1
688 200 1
395 549 1
206 955 2
877 387 1
461 293 2
834 658 1
184 707 1
914 921 1
34 463 2
617 430 1
879 1 2
567 47 1
982 259 1
525 705 2
370 925 2
795 476 2
982 928 1
202 397 1
990 578 1
601 971 2
822 888 1
308 977 1
801 57 1
122 952 1
936 473 2
642 745 2
982 439 2
349 366 2
412 472 2
401 408 1
952 182 1
570 635 2
498 13 2
864 229 2
91 133 1
666 464 1
57 651 2
927 535 2
48 576 2
587 771 1
661 719 1
721 377 2
130 598 2
699 564 2
22 873 1
673 186 2
534 796 2
788 315 1
990 417 1
504 791 1
262 182 2
745 45 1
575 871 2
669 709 2
912 599 1
765 496 1
666 244 2
65 623 1
426 645 1
900 148 1
372 249 2
520 493 2
101 289 2
100 387 2
635 790 1
523 1 2
130 995 2
314 158 2
385 691 1
656 223 2
628 18 2
585 132 2
374 638 2
162 38 2
288 986 1
986 144 2
84 546 1
538 332 1
126 769 2
612 152 2
737 74 1
743 464 1
309 604 1
754 195 1
219 699 1
59 348 1
363 257 2
4 474 1
226 634 1
77 334 1
244 766 2
568 616 1
1 39 1
608 694 2
608 93 2
783 320 2
465 943 1
356 159 1
949 982 1
715 851 1
762 417 2
632 119 1
897 291 2
286 99 2
823 383 1
798 776 2
722 690 2
269 718 2
162 98 2
838 791 1
205 630 1
365 615 2
626 461 2
601 644 1
226 498 1
161 413 2
579 994 1
827 821 2
918 326 2
273 612 1
352 15 2
270 24 2
797 689 2
609 174 1
546 998 1
496 363 2
660 585 2
879 470 2
398 589 2
353 378 2
390 141 1
337 248 2
764 783 1
400 712 1
56 890 1
998 396 2
398 707 1
938 522 2
408 308 1
711 400 2
401 513 2
826 617 1
36 727 2
155 909 1
181 798 1
39 784 1
922 585 2
696 383 1
532 352 1
133 51 1
61 571 2
328 572 2
625 438 1
579 271 1
498 797 2
90 807 2
611 421 1
535 332 2
602 721 2
435 192 1
304 634 2
590 417 2
655 569 1
455 341 2
821 531 2
201 356 2
358 105 1
39 733 2
961 593 1
2 946 2
703 445 2
795 181 2
437 244 2
477 36 1
137 492 1
729 633 2
127 838 2
571 560 1
273 975 2
657 600 1
820 771 1
790 722 1
375 861 2
395 474 1
892 583 1
889 897 2
458 930 1
179 880 1
523 993 1
379 208 1
488 269 2
451 196 2
599 92 2
404 612 1
595 352 1
374 785 2
896 17 2
79 223 2
696 649 2
523 33 1
995 651 2
139 790 1
962 614 1
74 520 2
485 361 2
923 788 2
974 759 2
438 947 2
230 936 2
741 798 1
628 455 2
718 17 2
18 75 1
716 119 2
841 125 2
597 693 1
377 790 1
257 229 2
446 408 1
551 88 1
805 217 2
924 235 2
626 76 1
895 672 2
328 720 2
370 683 1
147 672 1
307 107 2
724 155 2
923 918 2
606 315 2
105 75 1
389 752 2
861 185 2
875 96 2
480 527 1
235 709 2
712 411 2
8 715 1
364 628 2
585 723 1
646 278 1
747 867 2
41 610 2
99 144 1
572 135 1
698 752 1
857 500 2
612 357 2
45 641 2
276 182 2
886 561 1
844 513 2
549 147 1
105 639 1
465 298 2
94 368 2
254 264 2
66 557 2
999 789 1
762 807 2
402 858 2
809 10 1
983 829 1
658 997 2
924 543 2
28 560 1
439 635 1
373 470 1
880 76 1
209 910 1
251 403 1
22 502 2
394 796 2
125 433 1
299 986 2
738 936 2
701 930 2
151 124 1
317 342 1
583 514 2
825 860 2
852 11 1
360 215 1
537 464 1
381 347 2
364 652 1
579 708 2
222 876 2
351 320 1
35 648 1
547 817 1
506 76 1
153 335 1
261 533 2
765 865 1
686 25 1
997 806 2
74 979 1
401 382 2
755 252 2
305 993 2
526 529 2
741 873 1
291 554 1
913 60 1
205 327 2
333 647 2
590 209 1
745 90 1
348 607 1
437 23 2
833 843 2
228 603 2
103 163 1
719 160 2
693 233 1
526 103 1
482 770 2
320 621 2
396 475 1
489 940 2
579 566 2
110 147 1
275 723 1
567 456 2
13 705 2
397 39 1
741 203 1
633 288 2
372 246 1
316 307 1
538 476 1
296 461 2
944 198 2
215 667 1
944 580 2
822 316 1
1000 108 2
584 373 2
825 900 2
807 134 1
885 756 1
900 877 1
247 567 1
46 352 1
579 853 2
81 683 1
442 982 1
837 647 2
499 465 1
81 104 1
317 277 1
381 10 2
632 452 2
950 675 1
773 803 2
673 243 1
190 284 1
799 34 2
754 126 1
223 588 1
515 128 1
82 789 1
459 617 1
323 883 2
419 738 2
834 470 2
966 173 2
990 324 2
56 477 1
539 401 2
852 720 2
405 284 1
325 144 2
68 687 1
329 361 2
923 84 1
284 561 2
340 689 1
836 258 2
177 500 2
121 64 2
774 934 2
383 694 1
694 274 2
746 837 2
819 382 1
980 436 2
50 225 2
99 809 2
48 964 2
302 786 1
473 369 1
531 150 1
334 15 2
404 807 1
964 135 1
68 775 2
906 666 1
142 989 1
86 237 1
718 436 1
879 290 1
309 260 1
308 171 2
883 2 2
235 677 2
552 704 1
85 831 2
244 828 1
828 203 1
426 206 1
13 205 1
219 540 2
245 276 1
620 340 2
208 129 1
552 77 2
254 138 2
430 138 1
389 396 2
789 260 1
445 248 2
575 463 1
762 454 1
835 597 2
58 369 1
47 503 1
655 487 1
824 841 1
825 212 1
954 128 2
65 312 1
693 159 2
734 441 2
467 252 2
811 52 1
466 594 1
160 219 2
56 910 2
454 505 2
857 803 2
848 339 2
197 730 2
801 550 2
557 838 1
413 664 1
843 945 1
975 651 1
393 545 2
111 921 1
708 52 2
311 183 1
367 562 1
469 432 1
818 31 1
774 116 1
169 123 2
81 96 1
429 226 1
462 290 1
265 667 1
155 741 2
986 115 2
47 253 2
211 361 1
572 831 2
206 689 1
551 509 1
30 757 2
149 73 1
230 778 2
714 386 1
928 834 1
745 747 1
520 224 2
840 473 1
257 242 2
565 676 1
159 853 1
436 957 1
579 694 1
443 560 2
933 806 1
127 797 2
530 833 2
412 915 1
837 515 1
700 318 2
397 575 1
813 737 1
707 854 2
196 160 2
212 74 1
513 670 1
88 761 2
123 389 2
471 35 2
582 644 2
515 411 2
749 676 2
985 495 2
437 526 1
791 470 2
619 640 1
674 176 2
650 66 1
824 965 1
131 279 1
457 348 1
343 581 1
501 491 1
523 622 2
937 826 2
91 286 2
470 672 1
388 534 2
685 516 2
50 644 1
356 707 1
109 139 1
492 173 1
392 273 2
962 747 2
776 879 2
927 913 1
576 160 2
690 561 1
621 851 1
302 119 1
83 649 2
697 16 1
477 929 1
43 518 1
269 889 1
829 899 1
708 621 1
64 851 2
784 324 2
631 912 2
543 213 1
868 955 1
237 347 2
988 106 1
298 593 1
594 613 1
298 171 2
205 865 2
234 489 1
121 82 1
293 808 1
210 137 1
350 344 1
644 459 1
685 310 2
968 833 2
588 28 2
672 355 2
537 497 1
737 463 1
69 158 2
608 537 1
223 540 2
961 844 2
710 972 1
431 689 1
487 650 2
951 760 2
986 641 2
155 727 1
258 389 1
466 947 1
728 866 2
100 461 2
233 289 1
140 340 1
995 417 2
1000 573 1
726 219 2
454 877 2
749 364 2
224 807 1
120 810 2
42 679 1
587 110 1
286 708 2
933 400 2
164 368 2
29 719 1
259 226 2
169 490 1
113 310 1
744 95 2
797 580 2
838 189 2
454 363 2
157 995 2
777 244 1
683 481 1
212 370 2
491 747 2
204 104 2
586 122 1
479 708 2
245 949 1
820 535 1
818 386 1
230 422 1
773 917 1
240 587 2
386 689 2
752 72 2
354 839 2
349 697 2
544 201 2
478 96 1
622 595 2
4 806 1
218 535 1
253 753 2
21 136 1
557 972 2
686 331 1
608 349 1
693 747 2
842 942 2
624 980 2
459 687 1
379 920 2
827 201 1
271 448 1
473 522 1
814 623 2
118 582 1
958 430 1
616 597 2
296 372 1
948 574 2
302 11 2
300 975 1
284 772 2
910 663 1
505 32 1
423 960 1
675 61 1
358 359 1
451 597 2
542 184 2
235 737 2
787 860 1
564 379 2
84 254 2
187 561 1
922 246 2
36 581 2
225 787 1
875 695 1
368 309 2
28 620 1
343 723 1
905 78 2
452 866 1
3 417 1
481 374 1
991 25 1
466 45 1
73 833 2
719 233 1
307 784 2
287 114 2
421 118 1
595 205 1
729 101 1
931 283 1
65 522 2
736 982 1
234 72 2
72 488 1
853 325 2
275 651 2
962 697 2
144 2 1
761 767 1
911 42 1
589 39 1
679 22 1
145 237 2
864 801 1
231 157 1
