1000 1200 620
36 743 1
263 406 1
416 973 1
482 770 1
649 789 1
561 57 1
95 429 2
243 310 1
474 700 2
607 816 1
687 236 1
308 670 2
430 522 2
818 946 1
584 934 2
17 784 1
787 810 1
113 126 1
371 979 1
383 336 1
755 278 2
778 200 2
396 602 2
638 738 2
52 725 2
500 896 1
832 534 1
52 761 1
651 426 2
746 382 1
492 136 2
207 859 1
672 117 2
264 881 1
899 608 2
273 852 2
207 604 2
968 919 2
837 212 1
351 463 1
374 842 1
863 897 2
609 644 2
10 460 1
319 108 1
808 874 1
938 642 2
11 858 2
229 510 2
709 196 1
291 378 1
749 754 2
979 416 1
968 845 2
425 150 1
173 854 1
814 449 2
646 683 2
967 92 1
163 536 2
452 563 1
961 451 2
549 197 2
609 733 2
329 664 2
948 874 2
348 637 2
717 302 1
134 146 1
334 466 1
525 53 2
679 389 2
235 588 2
585 720 2
56 108 2
460 847 1
23 601 2
420 558 2
393 925 1
408 606 2
469 836 1
803 246 2
145 527 2
937 203 1
887 65 1
846 368 2
253 733 2
518 968 1
425 948 2
908 740 1
41 328 1
182 449 2
398 237 2
798 671 2
930 303 1
737 579 1
570 842 1
806 507 1
992 589 1
995 379 1
815 581 1
814 893 1
641 117 2
158 298 2
546 235 1
154 329 1
645 575 2
934 533 1
922 20 1
355 11 2
966 289 2
332 848 1
853 988 1
898 343 2
335 654 2
282 527 1
417 799 2
922 584 1
510 310 2
303 506 2
55 40 2
747 95 1
136 930 1
148 26 2
443 880 2
673 853 1
870 865 1
468 428 1
230 702 1
99 731 2
466 78 1
505 575 1
134 758 1
494 663 1
108 549 2
760 856 2
903 911 1
689 356 1
468 777 1
28 564 1
385 391 2
139 750 1
787 92 1
91 237 2
243 113 1
81 501 1
908 537 2
930 560 1
221 394 2
870 331 1
557 654 1
238 536 2
3 764 1
780 417 2
41 524 1
854 825 1
666 160 1
794 635 2
978 338 2
256 867 2
541 188 2
469 790 2
750 961 1
639 69 2
527 517 2
692 174 2
407 260 2
361 420 2
391 491 2
367 524 1
351 842 2
476 180 1
94 309 2
927 132 2
817 314 2
801 167 2
853 225 2
959 368 1
928 256 1
583 724 2
603 922 2
706 741 2
190 943 2
188 878 2
774 876 2
507 551 1
503 866 1
70 175 1
338 331 1
895 525 1
23 360 1
562 494 2
591 306 1
569 992 1
285 953 1
309 369 1
4 451 1
636 692 2
507 351 2
204 671 2
906 348 2
111 558 2
574 942 2
310 83 1
77 895 1
17 972 1
655 205 1
588 964 2
34 328 1
468 968 2
7 754 2
449 730 1
414 549 1
421 650 2
30 456 2
504 30 2
685 452 1
301 708 1
170 681 1
801 214 2
804 49 2
355 949 1
614 221 1
208 461 2
249 268 1
844 274 2
639 683 2
612 750 2
639 412 2
780 722 2
538 679 2
192 546 1
708 730 2
208 900 2
1000 141 2
600 586 1
185 388 2
871 165 2
417 826 2
797 8 2
845 866 2
219 202 1
378 82 2
96 822 2
167 29 2
953 309 2
257 825 1
551 76 2
557 492 2
15 3 1
636 670 1
133 61 1
212 960 2
793 299 1
845 530 2
304 150 1
447 183 1
582 160 1
888 561 1
841 436 1
739 448 2
2 798 1
448 102 1
953 240 2
131 589 2
300 803 2
461 156 1
615 691 2
217 37 2
712 782 1
508 15 1
979 744 2
112 500 1
931 889 2
575 446 1
378 859 1
110 474 2
285 396 2
127 280 2
220 821 2
755 608 2
448 444 2
552 630 2
611 47 2
30 731 2
352 645 1
401 763 2
145 228 1
601 771 2
674 9 1
412 340 1
258 233 1
174 907 2
365 61 2
617 374 1
982 628 1
321 592 1
940 658 2
731 687 2
459 63 1
493 301 1
369 446 2
416 767 2
332 817 1
293 112 2
405 516 1
487 710 2
50 822 1
272 23 2
519 527 1
486 594 1
681 418 2
853 32 1
352 789 2
160 654 2
16 669 1
869 786 1
76 689 2
88 779 2
221 15 2
461 400 2
649 532 2
767 651 1
233 603 2
736 361 2
803 974 1
187 351 1
529 64 2
277 696 2
22 856 1
92 141 1
730 725 2
741 577 2
203 62 2
884 15 1
686 383 1
819 396 2
114 30 1
686 3 2
339 570 2
244 434 2
761 313 2
933 74 1
342 558 1
846 952 1
856 885 1
808 536 2
128 51 2
113 322 2
46 871 2
29 657 1
696 880 2
621 130 1
42 668 2
269 267 1
304 206 1
618 550 1
328 794 1
715 86 2
337 688 2
572 102 1
503 915 2
499 974 2
964 898 2
522 467 2
635 271 2
635 305 1
517 824 2
603 361 1
652 564 2
829 500 2
835 363 2
936 430 2
163 752 1
973 446 2
292 615 1
631 529 1
138 359 1
735 728 1
347 689 1
796 68 2
102 983 1
18 764 1
68 299 2
803 516 1
445 736 2
989 293 2
691 317 1
241 84 1
548 336 2
677 37 1
982 599 2
50 165 2
174 61 1
37 493 2
719 24 2
62 224 2
23 460 2
911 624 1
442 22 2
179 601 2
323 695 1
252 491 2
999 174 1
458 864 1
174 1000 1
532 696 1
115 891 2
952 407 2
174 242 2
509 981 2
942 656 1
890 751 2
216 885 2
883 431 1
635 822 2
543 601 1
172 926 1
717 100 2
642 905 2
130 431 1
788 492 2
594 550 2
258 503 1
49 311 1
578 429 1
558 394 1
211 237 2
686 52 1
229 160 1
605 521 1
252 714 1
838 804 2
387 978 1
511 522 2
909 965 1
673 166 2
252 790 2
927 703 2
281 622 2
231 579 2
739 117 1
118 38 1
768 874 1
464 810 1
323 391 1
39 866 2
306 17 2
567 884 2
178 39 2
32 876 1
34 998 1
234 818 2
893 174 1
154 986 2
400 621 2
673 194 2
741 211 1
106 380 1
292 849 2
299 959 1
463 429 2
960 533 1
411 557 2
226 283 1
336 737 2
149 87 2
777 471 2
922 388 2
600 534 2
446 419 1
770 425 2
111 507 1
478 268 2
567 861 2
998 764 1
24 446 1
330 539 1
846 23 2
925 422 1
973 863 1
804 117 1
936 700 2
601 675 2
962 587 2
842 290 1
20 833 1
609 636 1
356 705 1
530 895 1
154 771 2
493 315 2
412 748 2
519 353 1
696 222 2
293 831 2
160 686 2
805 432 2
147 982 1
662 145 2
586 672 1
364 496 2
996 968 2
135 717 2
508 491 2
692 97 1
703 815 2
233 709 1
141 292 1
517 418 1
857 650 2
449 305 1
764 684 2
978 631 1
971 348 1
856 829 2
414 406 1
280 275 2
301 472 1
427 211 2
994 198 1
395 144 2
131 771 2
921 344 1
959 906 2
485 883 2
716 926 2
729 556 1
524 255 2
417 473 2
507 760 2
626 190 2
705 484 1
774 296 2
192 116 1
857 991 1
10 603 2
726 883 1
30 880 1
525 638 2
539 712 1
837 552 2
635 889 1
456 700 2
132 783 2
682 349 1
647 95 1
840 409 2
267 905 1
749 338 1
180 240 2
575 905 2
267 327 1
540 297 2
23 259 2
917 143 2
602 122 2
741 90 1
433 688 1
731 880 1
82 201 1
887 724 1
540 444 1
531 338 2
25 20 2
47 873 2
273 997 1
42 499 1
695 856 1
659 615 2
193 968 1
619 844 2
88 851 2
650 917 1
190 61 1
31 838 2
16 414 1
201 675 1
160 965 2
603 502 2
189 414 2
638 792 2
207 609 2
557 295 2
307 100 2
708 731 1
156 370 1
274 108 2
403 599 1
540 250 2
756 729 2
494 506 1
729 43 1
69 183 1
920 310 1
125 259 1
309 217 2
720 893 2
642 560 2
463 51 2
891 481 2
276 113 2
782 417 1
166 610 2
279 711 2
13 918 1
545 781 2
553 126 1
685 896 1
265 418 2
367 831 2
535 474 1
778 763 1
505 417 2
852 723 2
276 999 1
371 616 2
130 890 1
274 319 1
927 891 2
1000 655 1
849 648 1
942 602 1
239 397 1
730 681 1
202 241 2
170 854 1
710 873 2
645 131 1
306 56 2
41 220 1
49 202 1
272 869 1
108 222 2
726 839 1
480 201 1
844 963 1
767 87 1
113 646 1
462 235 2
955 734 2
982 258 2
244 982 2
762 580 2
518 848 1
941 534 1
302 434 1
262 547 2
895 708 1
374 415 2
276 280 1
60 320 1
140 273 2
794 981 1
673 159 2
636 728 1
282 136 1
95 467 1
607 162 2
373 52 1
982 664 1
327 67 2
587 539 2
289 232 1
394 623 1
596 68 1
73 786 2
860 566 1
377 938 2
923 808 1
187 92 1
944 420 1
989 815 2
226 43 2
666 857 2
577 502 2
222 981 2
557 724 2
519 912 2
888 684 2
640 875 2
883 507 2
991 353 1
237 819 1
410 127 2
109 579 2
197 800 1
517 420 2
156 381 1
707 703 2
760 332 2
807 66 2
65 469 2
874 36 2
909 387 1
449 62 1
42 966 2
866 963 1
410 80 1
423 610 2
368 113 2
492 251 2
19 989 2
702 449 1
17 201 2
385 826 2
78 406 2
393 865 1
997 147 2
174 57 2
129 120 2
949 226 1
138 524 2
277 962 2
548 155 2
832 990 2
23 714 2
160 974 2
609 935 1
684 749 1
816 965 1
137 691 1
607 208 1
757 236 2
730 731 2
263 178 2
306 377 2
566 297 1
51 375 1
43 474 2
106 36 2
751 830 2
85 71 2
388 36 2
760 998 1
914 446 2
188 365 2
270 430 1
656 233 1
486 326 2
402 910 2
394 174 2
965 146 2
908 26 1
590 128 1
717 91 2
624 410 1
777 362 2
583 126 2
212 683 2
267 612 2
789 691 1
562 888 1
180 859 2
809 216 1
294 535 1
535 742 1
149 263 2
769 695 2
321 893 1
645 813 1
769 806 2
302 673 1
371 456 2
581 681 1
477 417 1
387 326 2
306 555 1
725 841 2
747 647 2
779 234 1
19 66 1
367 709 2
493 75 1
231 731 2
889 725 2
736 488 2
553 848 2
687 456 2
894 134 1
564 845 1
27 784 2
410 891 2
102 219 2
214 107 1
35 835 2
928 795 2
631 364 2
591 963 2
481 871 2
535 547 1
125 508 2
932 44 1
146 174 1
524 589 1
125 17 1
791 817 1
528 92 1
62 779 2
577 50 2
495 976 1
223 412 2
405 295 1
476 976 2
351 697 1
971 247 2
818 349 1
383 458 1
167 676 2
1000 510 2
166 187 2
520 939 2
635 261 2
946 514 2
600 65 2
801 734 1
48 690 1
63 681 1
808 847 1
549 265 1
595 579 2
127 126 2
279 443 2
186 859 2
98 368 2
35 884 2
628 747 1
517 192 2
89 287 2
111 680 2
527 782 2
508 572 1
787 478 2
501 914 1
309 915 1
687 476 1
306 636 1
744 964 1
115 231 2
864 943 2
477 709 2
166 525 1
7 941 1
833 731 1
984 495 1
342 559 2
241 579 1
747 361 1
914 901 2
704 753 2
800 990 1
644 297 1
748 16 1
528 46 1
322 619 1
762 874 1
964 416 2
962 263 1
133 483 1
176 570 2
698 670 1
758 669 2
577 411 2
979 273 1
123 576 1
276 185 2
997 820 2
986 16 2
22 797 1
374 889 2
103 274 2
936 557 1
662 290 1
940 457 1
223 340 1
411 315 2
38 551 2
331 68 1
270 170 2
803 23 2
171 141 1
126 314 2
824 596 1
928 35 2
690 508 2
390 952 1
389 252 1
716 713 2
544 539 2
547 286 1
820 475 2
309 996 2
739 234 1
671 558 2
591 418 2
350 444 1
251 880 1
869 297 2
348 66 1
501 848 2
216 953 2
503 770 1
731 88 1
912 661 2
980 918 1
810 362 1
148 570 1
999 290 2
585 952 1
860 305 2
915 171 2
105 421 1
759 515 2
595 416 2
154 576 1
628 890 2
49 712 2
983 765 2
628 631 2
755 202 2
212 728 2
325 7 2
37 720 2
1000 428 1
290 494 2
318 473 2
361 175 2
316 361 2
821 652 1
998 544 2
857 183 2
838 814 1
563 329 2
640 481 2
521 299 2
12 46 2
502 879 2
747 34 2
479 525 2
796 422 2
700 345 2
551 256 1
897 935 2
264 982 1
928 265 2
450 244 2
726 73 2
554 910 2
37 694 2
815 620 1
976 587 1
267 15 2
882 645 2
27 515 2
70 266 2
828 566 2
606 511 2
262 390 2
334 594 2
550 206 2
262 713 2
879 628 2
666 316 2
486 450 1
76 342 1
242 626 2
430 237 2
150 509 2
141 628 1
851 26 1
973 419 1
520 438 1
200 787 2
35 533 1
682 16 1
382 27 2
214 18 2
574 618 2
145 693 1
164 966 2
250 209 1
228 828 2
717 494 1
693 405 1
725 1000 1
100 239 2
952 658 2
465 526 1
704 285 2
324 849 1
213 757 1
712 101 1
224 425 2
900 237 1
252 529 2
515 410 1
127 716 1
461 146 1
355 579 2
919 556 2
203 360 1
46 861 2
968 40 2
47 221 1
363 778 2
257 444 1
937 4 2
405 474 2
107 446 2
492 343 2
272 374 2
26 386 2
449 794 1
39 665 1
370 353 2
561 984 1
20 341 2
750 840 2
693 246 1
568 598 1
482 976 2
319 412 1
544 159 1
657 151 1
257 374 2
126 589 2
791 854 2
77 227 1
964 162 1
304 861 1
661 508 2
296 384 1
643 343 2
87 144 2
898 279 1
837 482 2
94 11 1
107 939 1
933 964 1
491 901 2
546 136 1
387 977 2
900 116 2
151 427 2
470 32 2
607 752 1
1000 556 1
37 125 2
278 422 1
250 1 2
591 70 1
555 880 2
502 789 2
965 468 1
366 816 1
329 29 1
268 605 1
619 806 2
523 655 1
396 111 2
396 712 2
861 966 1
608 771 2
561 962 1
499 322 1
579 652 2
60 845 2
429 663 2
907 577 1
842 267 2
925 264 2
689 661 2
882 49 1
669 915 1
213 145 1
166 425 1
999 822 1
512 377 1
622 120 2
816 492 2
633 749 1
657 365 2
352 241 2
913 884 2
246 962 1
665 939 1
751 984 1
944 444 2
369 278 2
606 971 1
959 678 1
320 475 1
614 308 2
190 978 1
856 304 2
759 498 2
676 614 1
551 807 1
445 216 1
214 605 1
645 706 1
285 328 1
353 377 1
591 887 2
428 997 2
416 123 1
978 242 1
124 131 1
115 943 2
12 70 1
658 794 1
990 913 1
540 552 2
691 756 1
130 795 1
232 355 2
106 593 1
547 695 1
378 561 2
803 514 2
418 52 1
44 511 1
202 138 1
813 264 2
763 841 2
753 616 2
417 128 1
65 406 1
80 756 1
564 601 1
98 946 1
918 763 1
430 632 2
185 910 2
627 158 1
47 546 1
25 849 2
391 840 2
451 66 2
977 292 1
466 584 2
863 987 1
717 815 1
403 675 1
302 25 2
840 438 2
191 547 1
840 226 2
587 967 2
844 902 1
877 387 2
264 445 2
990 631 1
541 738 1
653 113 1
840 716 1
528 575 2
160 298 1
368 340 1
213 407 2
275 913 1
372 725 1
363 210 1
517 941 1
409 850 2
329 560 1
795 427 2
613 150 1
253 104 2
957 791 1
707 330 2
539 857 2
179 853 2
789 118 1
338 444 1
734 464 2
581 610 2
72 293 2
162 408 1
725 546 1
557 417 1
969 958 2
18 384 2
44 802 1
371 350 2
571 980 2
862 689 2
803 583 2
629 592 1
607 996 1
869 638 1
678 145 2
822 205 2
24 832 2
885 897 2
510 455 1
409 165 2
951 159 1
597 613 2
736 939 1
