200
953 601
217 612
173 851
878 896
540 302
1000 739
190 68
884 271
667 174
81 485
70 404
149 647
429 286
513 825
151 2
387 471
783 551
426 712
240 266
855 44
130 871
922 169
476 546
82 836
386 134
529 926
217 846
751 917
760 858
151 934
633 772
383 159
89 612
779 33
484 361
412 854
429 617
405 287
900 914
63 113
352 825
86 609
656 628
315 446
573 483
650 662
306 316
735 580
590 864
125 1000
489 927
943 462
277 323
627 228
879 300
331 511
718 159
286 341
60 333
879 105
451 161
28 610
825 866
745 260
799 354
686 267
14 342
671 477
539 743
746 592
773 648
686 445
124 88
114 627
509 666
852 78
771 164
51 609
719 78
783 41
19 635
207 420
460 868
883 891
871 667
140 676
277 253
833 715
1 996
771 593
258 684
938 93
468 268
473 883
388 959
816 610
811 228
649 435
170 122
237 470
416 88
400 399
32 68
770 825
38 75
207 369
667 329
441 191
431 216
725 120
175 870
644 664
991 459
114 518
57 376
220 528
111 270
566 913
549 397
98 200
483 948
520 171
273 897
34 723
876 258
455 633
296 59
899 210
702 320
996 271
513 718
384 920
683 445
125 763
517 432
482 967
303 816
556 749
252 574
451 353
506 144
759 966
144 126
813 336
41 77
598 454
265 123
881 351
581 116
87 955
495 413
952 870
794 7
613 713
955 894
726 290
585 595
717 821
215 791
682 906
199 32
439 825
217 457
695 532
348 221
835 660
220 540
606 430
973 193
970 598
839 747
793 517
867 835
625 600
948 893
170 865
321 387
793 770
682 398
642 791
481 270
273 203
300 828
138 710
416 246
819 941
768 907
886 866
893 823
459 326
888 161
5 932
879 916
843 368
844 819
906 160
804 208
754 146
982 646
542 390
