200
343 428
813 83
664 467
184 776
708 923
666 578
971 355
469 735
170 844
458 761
548 974
824 293
137 760
270 352
87 663
251 261
926 870
316 290
800 615
942 732
433 57
597 719
275 835
100 411
821 504
502 531
461 875
156 144
852 100
887 933
177 595
945 900
760 789
175 562
756 950
882 262
10 470
15 167
49 542
563 63
903 996
642 922
189 301
130 908
214 435
44 298
628 927
139 863
532 865
55 794
947 830
436 6
552 288
863 83
459 228
897 75
375 321
832 15
149 589
122 834
225 364
51 638
224 307
664 758
706 185
660 252
253 335
692 124
946 514
127 921
372 671
32 511
973 886
990 256
147 866
627 922
196 824
260 977
678 637
545 409
827 941
430 31
946 874
553 689
392 322
525 42
345 668
14 955
282 204
542 622
921 285
263 853
448 926
529 171
861 616
390 320
981 271
773 523
227 343
580 987
403 993
746 103
100 277
12 367
893 730
950 690
903 253
228 289
684 191
913 212
110 962
159 747
571 412
136 256
759 429
918 292
34 518
518 822
284 346
82 995
14 562
574 170
451 971
379 344
80 10
739 852
151 116
700 395
538 551
169 54
366 845
829 554
421 226
233 57
241 747
95 767
326 665
120 304
855 895
692 576
428 952
304 747
179 381
213 414
372 510
22 109
265 790
1 247
709 388
626 727
244 375
581 60
660 953
955 931
331 272
726 299
65 457
944 81
543 477
785 405
640 449
584 677
671 561
404 217
657 917
99 583
492 614
418 232
552 442
486 490
21 374
699 503
102 140
659 174
757 758
89 721
222 777
14 615
192 405
196 834
801 596
554 211
577 945
375 861
923 555
90 487
767 730
641 398
499 490
792 643
332 526
221 160
7 238
906 609
364 363
354 913
686 618
168 26
92 800
36 433
