200
367 523
521 856
467 677
597 733
254 240
943 289
294 23
986 947
213 134
545 84
744 576
639 739
162 262
313 708
430 315
393 985
116 886
444 174
339 696
582 451
961 775
108 78
343 265
627 63
993 237
1000 872
700 167
479 37
720 850
839 776
920 571
397 569
527 827
961 939
926 53
358 162
668 793
846 236
789 608
325 277
421 417
988 160
559 987
473 83
673 844
693 506
339 370
495 759
104 448
599 296
147 195
245 745
190 133
971 348
199 258
168 934
748 601
647 556
872 661
975 645
734 149
684 794
646 945
958 707
910 430
800 84
187 923
860 392
600 301
285 85
621 240
845 224
548 919
24 594
600 934
400 572
335 709
67 926
906 648
890 342
730 117
755 767
245 157
417 72
225 839
34 119
672 2
642 350
117 465
383 508
575 668
996 487
235 132
617 888
358 254
227 671
907 893
800 578
858 473
734 600
722 28
684 515
680 343
913 357
312 376
739 689
804 615
147 94
915 834
488 360
115 589
737 247
810 109
559 372
969 31
689 568
699 116
146 32
844 417
840 303
13 756
254 226
935 113
997 409
950 198
351 180
233 363
788 165
295 855
336 165
163 343
532 881
91 855
83 590
773 262
977 322
355 677
607 134
26 848
594 993
333 113
325 350
103 945
348 369
545 257
883 973
432 808
805 754
90 269
73 573
179 271
402 633
499 19
159 821
234 934
282 413
456 667
748 101
62 519
913 811
464 876
168 669
943 947
422 947
914 581
675 526
253 956
101 225
397 325
252 927
434 65
774 390
126 988
635 58
85 925
883 756
517 544
143 588
200 400
590 997
800 289
433 384
523 180
585 868
487 716
911 21
832 58
308 346
479 940
986 772
789 819
955 779
424 596
440 531
421 927
421 823
247 855
35 852
694 233
502 714
