200
321 542
61 737
28 29
33 407
133 5
207 401
268 784
710 28
693 202
621 300
325 533
191 524
979 576
863 487
436 737
141 222
591 936
498 251
123 30
208 157
253 799
254 909
126 28
299 640
341 211
440 78
137 394
739 699
114 218
225 124
848 313
836 908
668 715
549 463
950 514
372 719
358 499
294 133
375 626
126 178
712 153
455 215
949 13
184 58
206 754
433 737
831 472
189 156
975 878
865 222
349 494
612 924
712 873
711 242
869 692
959 962
799 683
441 694
593 253
701 760
472 152
78 248
383 791
905 462
74 969
348 880
144 452
121 30
643 161
842 212
217 34
439 664
192 769
662 236
885 675
571 622
886 765
313 847
417 5
863 209
52 613
926 756
375 27
34 411
79 988
119 450
940 315
382 307
780 156
480 529
553 998
482 580
793 416
81 463
366 547
48 598
133 976
320 676
994 20
360 260
12 985
229 102
76 967
11 340
820 667
972 301
78 102
529 618
370 313
47 992
572 775
155 717
605 5
274 966
241 925
514 192
802 97
885 118
579 46
655 27
631 670
13 712
154 867
448 680
856 905
435 601
365 979
449 310
588 721
251 691
501 936
553 641
105 579
286 883
383 304
353 984
900 846
729 961
390 30
616 525
626 487
492 196
287 375
138 169
35 462
811 651
140 637
708 461
713 231
193 53
642 190
482 250
381 882
272 986
915 558
585 266
354 899
490 415
100 337
605 277
264 107
236 150
511 74
548 93
714 933
157 484
187 544
593 450
657 618
123 921
535 43
778 671
311 758
190 635
475 475
571 899
660 80
364 460
879 225
353 329
29 342
451 839
601 668
415 329
912 599
946 175
508 78
260 860
833 295
912 968
372 20
467 259
904 118
291 356
26 458
42 849
944 193
907 983
382 28
12 749
