200
26 454
712 925
310 447
534 907
291 944
18 395
269 858
334 664
500 12
47 407
324 994
405 108
304 512
3 980
327 71
505 501
71 246
489 58
178 61
622 596
822 423
868 518
986 750
508 79
542 59
190 37
633 101
836 104
377 258
836 908
671 740
863 764
536 718
936 259
763 975
311 748
520 590
278 518
86 311
219 8
136 876
8 739
888 360
488 439
693 160
106 350
617 475
218 137
438 747
975 439
906 228
847 501
248 429
570 531
353 165
517 755
187 584
789 455
545 402
935 243
387 291
653 321
951 947
260 532
336 159
956 415
606 885
295 742
182 173
870 757
500 729
800 840
910 175
20 267
450 955
34 91
675 898
589 204
616 781
99 309
102 114
504 993
95 266
375 39
274 86
971 228
701 907
821 231
65 48
927 317
381 701
65 543
781 638
225 681
948 696
664 812
616 716
979 886
998 482
159 944
789 679
241 808
294 930
220 112
724 707
772 583
345 645
659 143
10 575
146 799
284 133
539 65
143 708
244 638
633 133
839 689
838 569
479 193
7 751
757 883
736 369
252 408
975 822
570 115
978 108
672 438
351 859
892 76
418 706
133 90
483 380
958 490
774 11
759 448
335 881
776 393
565 122
103 432
598 214
900 131
75 885
859 541
270 596
778 302
793 271
516 680
953 407
181 11
795 670
887 931
94 89
276 472
913 462
29 895
238 669
874 847
775 355
267 654
927 157
374 181
629 835
930 985
685 885
828 668
647 618
640 372
636 398
842 634
334 987
469 869
79 524
372 135
861 910
423 688
300 80
441 603
901 237
719 342
942 815
803 253
850 334
834 561
170 161
714 141
155 244
905 794
234 603
322 315
126 118
361 315
597 461
392 134
825 422
963 222
916 916
362 615
538 402
484 124
367 449
716 171
