200
978 585
972 595
539 46
515 101
513 48
780 478
763 678
729 615
845 156
762 99
969 862
844 109
671 807
671 354
298 573
7 467
259 432
280 366
138 987
256 916
2 17
223 438
541 860
778 188
839 834
329 871
263 233
701 672
700 885
46 16
604 999
684 849
882 128
45 213
105 566
990 646
764 118
365 501
40 155
807 503
765 813
837 820
152 350
812 402
245 713
189 842
563 52
386 505
736 696
570 433
398 294
599 673
958 668
638 843
821 849
455 693
548 437
342 354
525 700
696 753
658 620
738 270
351 149
7 864
251 33
664 387
372 172
81 62
593 398
282 704
443 486
947 719
126 457
403 553
732 331
531 934
68 502
230 341
537 497
100 575
173 210
103 569
376 527
254 326
916 210
736 388
787 403
395 149
282 498
318 793
519 549
611 298
914 198
9 928
920 793
569 966
790 708
703 237
84 640
588 959
791 880
178 103
267 728
495 839
345 359
885 282
94 911
585 715
948 957
387 966
461 292
205 349
700 879
248 317
703 119
211 675
858 825
822 585
925 308
830 557
418 481
105 60
591 308
453 971
931 130
411 526
814 507
386 717
585 714
721 499
65 595
533 864
70 405
85 402
497 551
873 288
221 176
250 303
76 345
638 833
5 782
403 978
261 742
142 580
133 918
452 606
930 189
385 672
690 315
886 490
877 659
681 766
714 699
96 948
4 425
613 52
325 312
649 521
850 20
322 596
110 762
895 758
987 44
950 922
758 195
651 850
659 318
196 641
706 178
154 833
832 970
739 526
584 65
406 491
483 229
430 939
830 695
315 978
156 400
301 886
163 559
2 80
363 472
946 543
780 382
906 95
871 428
798 206
560 489
970 751
762 442
322 699
684 109
480 52
979 915
94 356
800 93
372 614
435 162
117 322
