200
384 630
179 550
745 378
301 140
744 834
397 408
35 710
87 393
654 392
427 961
326 840
745 709
654 640
954 762
777 635
9 712
879 858
506 443
67 1000
562 487
684 175
640 300
35 537
858 434
140 364
458 351
641 456
642 295
83 178
613 339
26 886
41 53
799 944
394 434
136 284
201 689
196 176
77 980
663 942
32 581
288 662
901 691
10 435
880 908
488 348
759 124
812 470
391 175
513 240
755 4
559 760
377 348
176 548
84 953
153 988
633 401
410 782
324 933
410 873
467 277
557 782
503 175
815 403
550 159
45 547
739 345
682 19
946 85
871 917
814 667
167 570
310 719
706 364
72 206
320 162
108 922
97 864
805 489
986 230
859 341
3 879
116 752
887 789
692 15
883 890
267 905
178 722
942 151
728 32
800 509
726 527
898 850
805 194
937 477
15 165
432 616
650 237
429 698
990 557
560 576
234 524
985 163
626 3
33 336
147 395
941 19
578 558
398 93
962 52
948 185
92 418
4 137
68 302
535 294
849 717
189 696
765 857
522 42
150 341
320 402
525 971
773 784
333 913
327 13
502 702
197 765
146 99
239 544
759 736
369 293
519 724
916 560
204 378
813 318
200 728
930 574
4 801
586 259
951 846
101 151
945 856
892 850
73 386
266 36
44 652
107 623
327 866
467 912
399 791
267 407
422 292
687 796
617 70
284 77
592 679
296 918
933 443
714 408
273 517
604 605
899 611
309 547
570 264
268 519
781 248
674 363
737 921
112 35
747 249
9 205
991 330
185 440
761 605
958 814
417 870
469 964
652 156
8 809
584 868
671 637
208 118
69 885
265 408
116 284
668 953
755 556
14 553
199 637
540 704
232 389
146 348
774 385
750 814
387 490
137 999
722 84
118 215
561 843
166 839
307 95
