200
430 611
871 437
185 27
96 233
96 68
132 295
61 949
362 312
174 324
119 977
745 882
425 924
837 327
404 214
538 213
261 706
404 576
453 134
516 433
168 13
392 151
494 469
252 543
418 625
792 621
249 145
203 460
382 632
457 810
228 991
98 144
602 713
659 56
574 911
112 591
419 132
274 470
629 851
77 923
231 448
998 693
435 636
851 641
170 933
955 438
20 893
552 368
466 778
642 579
489 78
590 461
10 168
654 809
113 291
483 785
842 141
360 700
299 794
921 513
742 162
819 779
341 721
78 789
603 637
881 8
960 549
493 490
685 680
60 57
25 540
571 777
483 48
62 514
434 564
35 653
937 103
546 808
558 569
475 640
886 474
681 383
177 531
525 919
76 444
797 741
182 573
911 409
202 193
65 342
703 488
747 965
413 756
247 910
473 670
7 105
610 458
424 153
909 368
854 11
934 916
945 567
672 576
230 380
703 585
408 336
708 407
304 72
16 569
275 572
389 553
403 463
585 899
273 406
588 700
577 823
132 72
662 644
551 956
416 712
506 678
907 289
15 298
883 158
643 742
828 995
113 344
246 483
345 398
465 870
454 535
181 131
895 800
190 422
611 25
822 454
554 913
459 633
233 663
818 665
78 619
652 715
958 4
121 956
708 236
554 447
178 177
619 38
564 204
776 829
147 695
727 373
376 179
735 207
170 912
911 822
993 833
35 211
972 94
234 699
912 139
99 380
473 66
1 136
374 373
981 897
192 638
803 333
852 42
487 724
138 211
890 352
180 158
575 835
402 5
259 552
13 53
509 387
788 706
906 810
908 73
979 296
282 430
955 688
286 824
12 71
720 402
338 533
246 123
186 117
306 424
795 378
261 904
502 292
768 665
531 468
101 57
653 877
689 712
710 44
797 292
