200
907 620
525 493
965 202
83 570
420 67
264 851
164 829
840 352
914 242
157 469
420 361
701 432
245 599
295 372
158 424
135 709
25 601
480 789
792 832
249 750
422 663
67 768
259 540
522 413
966 876
970 364
422 74
12 579
154 994
304 49
562 515
821 499
229 500
368 789
740 822
426 411
351 323
853 416
486 933
631 14
643 562
552 663
815 422
25 421
105 393
389 125
566 419
429 977
461 525
622 925
691 226
309 874
799 295
599 122
318 502
354 771
769 241
312 480
781 693
605 220
188 164
422 64
562 712
692 14
963 893
466 63
203 638
931 883
582 603
536 719
369 674
281 884
768 939
753 501
794 408
23 128
322 220
298 529
231 435
756 908
342 131
147 642
822 970
500 229
956 816
224 239
544 566
572 672
896 687
868 615
236 246
656 419
26 552
705 458
395 251
637 537
37 79
169 533
306 668
631 130
705 45
945 986
428 692
868 576
778 365
440 213
941 815
591 715
118 696
284 985
632 824
294 134
554 354
61 881
329 270
45 384
214 250
537 999
283 27
913 924
100 630
510 657
724 419
485 993
549 965
539 55
196 675
792 587
996 187
911 30
850 311
405 680
697 400
328 56
895 707
858 628
847 217
910 345
385 755
474 885
799 286
925 811
97 555
603 136
299 50
526 900
973 952
16 58
203 310
207 667
959 333
32 487
676 638
727 110
636 751
29 375
484 827
459 135
253 608
374 372
999 495
275 306
786 816
821 446
381 573
317 617
154 127
866 655
233 486
73 592
941 725
798 799
52 604
180 409
338 211
625 8
464 155
782 873
361 223
405 355
710 91
59 658
610 548
201 170
840 128
854 95
676 927
839 380
247 410
385 523
471 363
517 645
126 669
694 194
218 350
528 187
501 546
625 277
438 441
52 193
