100
208 376
16 168
373 41
252 512
773 882
961 944
374 581
204 340
278 740
511 237
229 166
894 200
37 488
803 95
606 616
511 14
637 582
506 521
509 491
582 3
654 326
55 658
621 237
53 306
149 393
892 983
348 422
563 223
337 249
757 983
957 538
877 405
975 164
117 166
973 667
257 289
527 766
487 235
974 4
482 172
205 467
679 290
791 951
415 76
793 521
150 194
649 296
211 316
952 100
449 504
796 496
382 552
161 7
682 651
672 123
122 946
984 794
918 901
357 730
263 16
670 278
309 505
771 258
472 979
447 235
70 463
546 467
484 657
475 731
408 249
348 321
959 620
333 773
930 234
774 223
582 585
471 443
604 754
802 351
206 842
44 596
283 108
880 323
909 220
629 26
865 439
865 423
631 634
949 517
539 232
466 453
891 704
548 502
369 686
919 992
75 105
712 613
129 29
453 833
655 74
