100
163 395
556 281
165 393
689 419
652 648
225 57
348 343
928 421
526 808
587 222
811 123
214 985
853 802
353 874
612 38
260 252
879 632
560 829
60 826
976 478
946 351
200 489
404 999
724 883
497 368
101 189
786 650
56 885
963 617
911 98
885 281
316 745
115 53
706 689
228 360
270 846
449 472
935 363
560 23
282 73
496 204
377 576
949 745
125 283
326 430
889 425
141 399
905 713
823 762
715 430
765 563
748 963
682 979
654 313
342 558
913 206
35 107
944 40
846 322
757 130
407 282
471 959
508 872
419 733
611 774
849 259
503 763
745 294
285 592
966 376
944 115
553 291
977 623
569 108
827 964
753 635
22 731
850 442
314 708
179 709
367 859
454 329
10 425
526 791
482 407
950 2
132 736
371 591
844 207
636 254
445 15
376 30
107 786
833 493
926 284
664 32
938 696
418 127
589 611
281 733
