100
389 408
505 202
872 115
748 869
828 158
401 465
997 594
745 654
922 776
382 545
199 17
504 508
321 678
720 572
848 241
503 256
452 820
262 213
249 49
548 26
141 33
219 888
492 73
428 833
473 529
61 326
256 647
896 249
226 964
501 586
248 853
274 560
620 901
587 38
732 257
101 705
88 764
567 39
463 523
994 162
612 28
944 868
799 507
420 933
681 525
304 67
136 57
445 466
660 203
790 868
745 762
70 595
30 317
891 421
789 26
107 46
556 239
38 644
660 229
396 719
488 361
889 184
487 692
717 4
542 646
881 456
296 38
431 487
135 654
569 794
776 645
437 840
329 268
584 614
94 125
456 104
645 768
14 56
167 280
572 542
504 446
491 810
584 4
937 350
539 173
441 479
310 355
274 229
619 513
213 601
175 723
777 759
890 642
297 364
854 324
801 393
755 419
253 425
91 796
955 328
