200
501 575
318 539
527 870
529 764
189 281
648 922
892 797
251 574
105 238
492 607
295 384
801 601
262 766
780 964
911 363
133 464
406 407
253 711
863 820
175 179
740 505
651 139
765 863
442 168
665 579
609 652
45 619
71 957
3 701
969 727
140 628
465 296
312 683
18 335
709 103
984 135
919 265
141 937
863 145
406 168
119 945
720 793
957 337
957 914
862 758
819 610
317 1
655 306
684 981
438 354
530 761
300 967
581 415
152 12
986 363
944 62
139 896
329 669
664 520
834 695
289 235
657 927
99 226
150 487
169 379
391 873
661 24
67 860
303 851
3 756
877 589
150 883
420 32
84 616
206 577
445 909
292 90
723 381
781 934
229 141
512 463
134 459
311 709
61 540
989 135
694 490
153 247
25 670
451 153
153 898
30 268
368 635
134 556
777 141
301 647
774 887
177 783
443 72
399 751
659 514
262 402
905 693
69 416
329 80
207 330
385 476
457 168
10 569
336 601
723 533
232 699
496 346
187 163
7 136
951 672
299 131
307 219
836 774
58 993
423 311
993 140
842 701
750 47
611 952
978 161
753 816
864 83
939 528
822 165
32 236
396 414
23 753
563 427
367 372
424 298
569 341
64 591
573 621
510 255
243 567
859 211
204 171
285 143
479 680
619 316
103 883
576 274
933 819
495 834
827 751
646 699
25 458
773 267
307 749
48 497
578 742
875 696
394 248
831 111
92 131
442 647
861 285
203 364
271 81
126 520
526 103
308 524
181 28
192 416
218 220
781 597
120 885
108 296
628 86
404 570
818 983
642 695
88 43
932 988
803 603
665 532
993 853
708 612
31 429
952 325
772 634
533 34
437 949
499 195
890 653
855 458
65 959
60 732
554 756
292 265
667 226
951 423
437 48
475 764
862 420
