100
2 359
4 384
739 236
121 950
745 628
741 684
178 191
817 451
456 722
959 84
361 625
589 662
279 10
729 624
752 187
131 9
113 231
129 406
639 213
982 876
294 473
356 159
918 319
981 426
370 326
692 696
395 809
513 978
509 508
653 66
927 997
178 95
769 680
383 114
825 872
67 80
863 267
679 449
346 245
225 793
618 455
662 501
287 673
144 264
233 750
456 142
906 32
94 241
866 164
663 938
705 863
38 762
610 352
462 265
614 904
246 896
814 303
974 914
589 97
81 432
645 737
20 165
529 309
734 582
131 146
48 583
672 297
127 474
528 386
944 361
18 160
219 126
335 142
219 161
998 888
261 441
768 12
783 487
620 770
523 376
198 939
179 489
796 982
511 655
674 569
462 151
374 573
193 68
230 18
86 664
728 318
563 909
994 432
137 963
219 826
596 461
690 94
952 831
134 583
6 563
