946 696
999314684 659495
997547969 2773381
996672696 3153509
996348300 3635098
996101121 4330350
992774711 5608898
991364124 7436201
984676231 9205643
984638529 9475330
984613277 10887335
984349365 11494723
982695121 12160742
982137484 12219186
980398135 13736075
980029270 13877701
976988398 14253871
974813866 14658493
974568918 14886722
973892936 15264494
973282116 18693596
972972212 18730888
971564254 19028265
970466829 19819880
969642508 20043793
969013071 20571167
967865226 22483984
966824319 23788896
966071014 23899998
965975725 24405419
963767285 25429487
963407201 26283288
963216753 26867984
962972685 27840766
961990126 28905950
961261630 29464171
960586311 30622941
960526063 30851364
960039760 31158618
959298778 31180498
958145662 31870147
956673612 31975041
956093928 32895420
955727739 34883811
951230616 35193932
950444455 36001398
950068512 36868367
949364715 37294241
948142497 37360868
946058060 37586307
945458229 39252429
944545007 39604338
941488084 40159713
939342906 40450857
938851192 41323197
938469408 41544956
937212199 42977880
937058096 43052790
935837312 43250533
933956143 44152971
931321283 45610570
931200370 45702213
930728099 45949016
929024401 45967391
926507480 46723343
924705406 48068581
924271251 48418519
923829450 48999042
923456781 49255886
922306902 49280889
921320524 49971522
919020796 50031608
917471106 50365162
916974261 50385987
915868932 51746267
914340282 52041976
913659429 52988505
913606059 53264027
912728247 53298267
912390963 53516216
911012004 53866321
909713287 54844550
908268661 54906499
907427446 55129540
907025889 56285785
906673409 56318305
906231229 57712512
905901569 58046390
905265220 58080631
904897845 58362137
904722529 58698078
903976314 59110232
902890196 59917781
901598981 59941707
900947636 60326263
899002984 60589680
897915151 62491400
895346780 64663177
895052577 64842497
891197063 65584883
888678726 67052842
888423165 67507877
887078695 68541126
882622391 68591301
880888472 71741390
879581676 71962375
879163852 73415162
878242529 73978914
877292535 74242082
877006843 74404933
876569845 77002864
876465659 77147519
872690937 78380458
872454779 79929417
870754113 82103609
869258216 82494399
868055764 83623410
866650814 83882249
866551707 85459150
866370449 85664653
865757370 85787247
865036811 85798343
864949372 85863729
863354042 85888309
863134708 86001193
860145171 86150871
857026170 86510741
856257148 88143216
855612301 88359865
854894646 89726730
854720012 92209382
854248590 92607317
853823535 92851100
853771659 93414116
852957221 93585662
851611586 93887320
850949812 93914792
847083136 94510608
846150871 94705678
846114558 95078806
844915477 95399535
844243179 95518662
843653460 95587216
843151340 95610085
842684129 98531264
838851033 99403460
836714107 99680406
833232129 99985492
832200363 101245562
832108873 102612182
831564869 103962175
828323784 104362963
823571537 104371249
821547221 104405342
819718559 106310436
817438095 107658271
816850392 107768544
816038662 108010763
815080856 108201963
814901178 109547590
813147000 111150505
811521914 111167619
810362100 111293294
808641772 111464431
807667177 112341579
806156403 112420680
803793258 112966776
803605754 113247633
803418346 114369549
802278748 114444807
802061652 114863793
801968728 115226763
800514972 115497445
799908287 117130190
799768430 118153301
799179938 118856205
798909015 118930744
797989584 119084635
797423801 121584367
796637872 121695962
795234294 121809701
794986093 122952841
794953717 123493752
794125291 125615842
792378587 126122709
792059930 126194195
791554015 127201120
791037508 127536418
790824672 127660097
790810270 128445174
790064934 128906574
787249481 129562131
786945778 131065798
786642924 132234407
786390685 132476598
784840327 133665918
784804416 133867326
784107772 136282299
783929314 137519281
783736864 137586956
779683970 137980536
778666352 138063567
778041294 138494392
777902342 138955508
777352934 139930750
776051170 139969876
773675008 141087786
773164918 142680673
771754946 144635273
769335744 145221154
764919182 145827504
764855926 146494197
762898090 147123530
758201113 147841252
757398835 150687002
755706276 151331267
755394023 153633374
753954878 153990562
753805222 155825975
753148509 156336843
752296695 156772444
751739139 158445948
751695408 159309532
750809553 159696989
749068385 160250093
748029499 160708036
747504422 161244888
745796291 165010600
744608057 165630631
741171101 166325668
740351542 168849720
740119677 169858736
735592353 172370272
735469009 172843411
735434136 173794221
735414203 174343809
734702959 174745246
734680978 175207821
734195882 176922584
733823468 177181698
731988223 178210607
731830773 178291825
731615636 179314342
731117541 179353057
731097847 182786999
730155307 183244556
728631151 183292177
728176837 184210632
727544880 185302477
727290127 185510853
726991690 185559722
725647304 186388535
725001461 189824725
722309991 190809171
722189704 192707862
721471432 193669169
720440388 197128091
718313107 197486170
718240369 198295538
717686495 199161923
717238890 201957384
716917021 204704833
715144910 204983074
712213798 206074558
712009424 206193208
710943860 206641738
710882224 206905221
710047042 210726329
709861181 212190602
708754312 212740480
708223184 214053340
707916042 216104464
707759103 216389735
707443698 217726001
706744399 218100844
705816024 218109160
704814560 218169502
703280810 218691536
702201608 219106543
700360355 219914191
698820251 220161592
698714246 220624888
698658548 220646279
698596793 220818078
698349398 220994968
697337836 221408255
695990413 221998705
695876389 224315921
695288033 224420380
694629372 224463545
694625788 224779392
693974015 225849937
690737243 226863782
690255817 229176028
688950884 230308939
687546387 230424732
687348744 230612924
687268490 230856399
686376680 231179558
686336790 232649898
685009045 235434385
683084403 235961109
681657596 236306004
681633220 237449202
681168007 239381127
680861787 240596514
679967896 241077285
679763095 241746808
674922494 243607365
674854739 243924569
674812390 246194957
673939906 247623055
671765929 249970526
671439924 250075157
666904261 255214012
665168303 256463506
664313533 257881628
662447052 258346684
660495918 258634943
659144280 259550787
656662365 262323963
656546183 263623428
656533734 269157086
656389755 271375717
656120233 273815412
655735417 274087835
655482597 274982256
653726189 276351562
653643143 277928705
652038574 278587139
650746433 281069590
647261580 281229566
646303068 284438167
645003284 289416057
643372254 290004875
641939272 290143796
641929132 291227723
641634941 291837382
640911150 291842674
640000057 292059125
636992532 292227016
635387367 294924056
634564698 298162167
633549967 299675510
633403298 301133576
633193711 302647283
631828050 303197343
630712051 303564680
628016767 303583111
627798391 303859823
627540227 305335549
627047127 307721372
625084977 307898971
624489433 308012804
623968644 309346662
623353241 311103870
622997864 312476140
617794476 313193157
617791708 314254703
612472910 321864289
612413686 322835191
610653896 329573761
610258215 329688548
609926715 329721737
608961198 330334007
607909310 330408861
601839365 332750253
600361598 333888679
599860339 335357174
599211471 336309041
598248689 338820308
595904450 339126437
594100904 342824346
592384762 343171392
592213920 343382685
592118707 344403530
592105430 346291275
591146873 346602973
591075834 347748194
590363962 348209226
587616490 352940529
586244522 354752399
585159154 355783911
584608491 356112657
581167417 356204949
580260955 357478456
577458419 357753146
576699234 359033701
576199925 359954719
575779254 361789189
569076557 362075824
567970932 362289886
559569588 363156003
559526145 364376419
557726907 365795859
556399286 368117309
555477976 369667580
554784152 371114666
554231591 371502572
550414351 371553262
548928459 371573395
546526241 371947726
541005666 371979673
540902752 373155223
540415904 374524855
538914303 374577298
538385072 374726926
538062070 375138328
537955421 375542116
537917068 375608039
536897724 376900045
534235154 378266520
533268402 378620349
532948632 379748827
529631294 379787737
528956067 379887783
527533727 380264354
525215150 380498791
524749085 381240877
524080846 385056446
523975409 385567069
523266107 385703851
522275910 387883478
522240263 392669417
521076598 394168841
520946038 394408607
520155167 396328309
519691996 396403527
519603260 396423620
518476071 397494125
518465100 399136476
518176951 399716685
517335783 401199676
515987485 401738184
512722923 404994369
511118690 406359145
510356450 407195331
510065657 409043058
508888495 409717084
507764360 409925303
505562639 410376399
505533010 410753707
503532381 413338334
503021745 413393123
502695869 414139965
500622304 418765606
500140404 420209027
496041051 420414599
494132815 420915563
493973901 422903429
493665776 424961814
492446086 425268331
491191147 434094968
486748184 434215952
485867536 436556056
481893067 437401084
481397175 439589804
480612559 440285292
480559477 440290088
479851958 440761722
478242322 440780793
478043219 440976317
477728756 441287062
476086006 444553226
475739278 444800292
473932067 445309752
473673260 446382797
473245136 449737937
473222638 450224468
472623038 450984044
471126363 451571910
470589373 453473394
470035010 453596858
467172201 455919308
463936286 456539714
462612309 457077152
461619184 457123977
461324692 457421572
458413241 457899553
457959814 460973335
457864135 461642518
456936010 461661957
456683162 462627154
454810575 464708445
452720080 466916136
451724817 467105917
449864641 467537473
449266293 467560668
449075535 468441596
448782425 469089845
448557414 469218476
448159246 469622744
447484292 469776171
446239925 475662732
445629722 476104415
445523262 476184045
443947167 476418973
443497151 480232007
443106320 480254998
442401145 481353180
441601057 483968743
440353064 484337427
438589054 486278164
437670133 486920589
435580650 487720568
433418447 487936878
432398895 488511498
431439530 490696099
426739778 491421414
425021857 493381210
424968625 494737193
422870122 494811537
422270254 494920540
422141633 497708892
420755753 497837919
418196930 499548834
417152994 499737380
417077665 500406445
414795514 502049970
414042813 503635928
413885442 504013774
412939061 505496045
412695254 506039890
412188772 506159324
410690410 506840883
410631232 507664773
410170741 508606437
409878206 510207382
409654238 510611070
409463412 510856486
408896385 512455552
407682028 515538182
406940160 516733386
406194682 517871188
404392597 518776361
402636343 520563649
400222912 524945728
398979196 525358026
398633506 525679616
395987360 526218176
395419272 526446758
394230876 526711573
390130652 529106373
389322075 530326329
387821379 530929946
387113874 533030358
382731917 533541736
380420267 534451763
378716262 535575509
378216213 536955143
378159953 538268403
377668417 542872601
375280098 544018167
373728755 544085311
371950747 544395480
371918060 547629447
371781149 547971547
371343935 552029191
370962344 553323384
368958878 556595265
368931361 558029564
365894966 558349691
362693318 559789363
361967568 560188124
361102956 560386994
359903530 560924933
359113325 561609795
357867119 561966645
357740100 562499472
356958991 563791741
355971836 565582974
354649791 565781673
354427825 567428456
353932795 567985292
353326953 569318155
353087720 569476933
352929147 570190229
351335438 571014579
350025633 571806499
349713615 572052119
347355101 572377398
346672760 573131709
343952752 573176654
343942419 573953374
342804668 578075394
342455405 578849254
341525772 580507650
340020950 581408429
339511784 582321067
339275956 582645878
339089200 583961215
338207032 585270344
335650320 585921562
333286666 587191009
332192393 587393580
332146420 587918163
331650550 589108796
330386437 589166657
330211495 590883597
329089937 591844153
328676745 592879426
328539930 593297735
328036570 594836188
327570555 595815107
327501021 596823261
326151226 601736551
325395045 601858612
318567947 602541797
317141011 603438061
313455486 603457349
312852698 604653324
312102917 604889040
311648360 607792953
309831918 608558270
307194977 609580520
305825119 610329844
303215202 612430121
302469031 612525764
301946666 613007504
300022861 613983339
299772120 614397435
297539950 615984976
296768976 616080446
296132381 617073250
294804962 619199427
294796991 620766934
294609137 621071059
292607102 622283606
292601457 623657522
292108273 625050069
291898974 625149349
291748008 629298946
291229581 629618242
291000403 632094424
290520736 632485568
290467056 633816009
289831085 634127228
289426502 634289518
289172836 634727872
289166013 636588713
286982561 641320486
285950954 641812000
282752102 642063614
282717483 644453530
280702012 645778887
277686287 646513955
277427018 647283782
276720441 648557618
275377058 649593433
275035508 651022547
271903771 651379930
271216555 651720195
270738512 656632863
270706392 658744014
269602879 661274301
269425618 665500315
268349280 665560744
268065050 670332200
267787742 671650963
267562509 672739206
267372431 673148299
267315620 673423918
265735098 674757422
264150671 675851175
261204098 679287508
259486238 679512192
258902735 683083677
258835688 685366494
258438090 685987709
256719332 688614489
256658410 688848368
256176917 690164815
254788072 691162629
254076909 691842064
253754857 693898044
252335923 694062183
251518939 695164984
250887195 696549565
250885196 698063396
250296153 698186134
248372566 698839133
246178265 699798979
243239075 699914254
241928820 700200362
241614311 700778919
237998374 705620453
237793709 708852754
237580810 709706193
237245289 710250294
236206159 710390596
235920006 711580639
234834865 712211886
234756347 712508918
234141790 712829811
233932424 713141935
231851058 713985731
231210561 717601275
229170888 717620003
229109676 717796538
228791616 719450890
227577325 720292089
224103427 720307332
223728047 720393973
222204285 721090461
220167175 722525569
218872378 722810688
218047483 723762084
217174160 723781334
215653058 724127765
215290294 724979055
214103926 725651877
206135907 725824958
205261972 728899656
205259828 728992027
204744354 731604063
204070337 733877231
203336615 734101017
201616078 735455216
200985791 736930391
199996022 737566378
197957790 738037742
195918819 742466097
194722648 743220424
193830564 743720482
190386763 743880393
188918263 744656588
186025741 745224619
185490270 747861248
185389694 749545843
183878294 751784453
179848102 752469396
178669914 752544414
178356044 752718238
175780963 752862640
174467821 753606989
173433137 754129450
173061197 755247873
167648144 755633504
166159272 756441305
165997027 758110616
165975507 758412269
164518908 758830098
164186778 761131992
163354656 761168947
160572867 762617939
159234768 763020082
158761736 764175070
156557251 767946527
155046232 767959631
154978561 768389633
154971383 769955789
153403755 772450390
152423041 773248107
150463297 774785334
148995941 774870027
148613681 775166555
147383221 775298712
143329835 776584150
140091891 780246015
139536347 780667964
139466671 782111490
139043966 782731667
138863448 784549924
138767773 785760007
136482262 788853619
136411228 789585413
136154743 792380428
135160992 792408733
134737608 792477166
134142569 792510166
134141497 793216604
133844848 793381742
132644807 793878018
131550552 798743914
130879767 801442509
130568655 801680097
130462137 802301985
130155937 804974373
129916149 805014146
129875854 805116174
129619513 808935337
129463210 813916065
128320849 814447694
128085055 814628557
126728924 815310575
125161428 815597789
125140737 816729489
123571805 817220646
122764128 817379434
121413208 818313544
121149938 819476811
121069131 819530165
120885003 819618649
118415964 819867276
117328558 821245107
116823867 822449334
115700155 823069829
115620409 823246681
113152866 825060384
112717574 826542703
112701846 827037968
111940393 827350546
110556494 830201659
110441479 832680096
110334398 832858334
109763583 833003935
107435968 834891549
107109584 835385256
107030642 835910337
104837311 835939648
104674052 836851421
101801506 837946236
101689327 840131173
101473931 842316165
99952299 842996022
99213759 843307060
98750622 843871116
98749833 844024054
98728232 849854972
98311621 852324101
97825394 852435516
97094194 852538644
96338471 855662357
95376741 856881970
95124448 858070241
94965390 858482523
94017596 859361944
92948173 859507286
92921693 862993547
92699629 863123273
91588604 863142244
90554149 863681571
90141649 864827731
89460323 865050791
88989902 869631263
88873948 871559080
87879608 872291893
86841914 872314803
86666973 873869352
86548493 876538571
85680991 878116173
85379932 878293154
83865306 878646731
82798828 879359177
81758655 879468883
81694802 885185184
80695593 887672855
79919445 888505382
79596117 892010520
79333072 892438099
78446060 894052095
77597388 894723986
76454440 896495030
997712338 211616377
229607104 651671198
116338905 767875506
41085274 54295120
100021925 475301225
85167515 981444226
84262422 481571041
699717947 440792548
109111268 281126375
379643739 655689802
934157698 14891758
94278856 358726169
47698581 620219125
661941370 301953116
737042991 96036337
778096232 587271680
307652714 7703335
91459230 276507970
628095192 132544503
183319441 580633468
607845727 268486956
562077693 692108149
750057996 114311991
132900696 711685615
395438366 365060786
219891769 182112415
379952543 166686976
540838583 280167475
639422452 202779952
582120591 228981795
151332641 212733174
816253474 458985354
72952861 907712703
735493323 701048052
40257205 918812764
281681520 500619284
39816071 696275564
45243784 789874066
810587555 30660831
354076033 58542272
395721616 426484153
240654686 628190511
593171128 781493269
908357985 85109931
984273220 490478575
314091725 135605860
703211749 130345199
447107565 776164609
890574253 35117240
329729012 783347810
806446355 611410531
136483445 846262425
160202447 181727228
488652842 970790001
212388058 842728874
29332272 608109673
121729378 269986957
88816535 714900505
51480225 997174520
800010436 888269797
340169446 114102160
876392008 43381194
96963710 176015925
672062154 840054315
63649516 1791166
475918476 870095870
465718048 612401920
716358294 625920494
794129147 57527487
449226846 6517204
900256361 478559117
467143228 21985738
601062426 555959763
589402595 505059002
405650634 241929382
245845150 745820079
208547893 122237158
641717625 158027955
150769434 166296130
850598621 214418949
20603647 179033448
84514818 486321695
791435367 653389463
964758540 438080865
710916949 413985386
297114420 463689661
745060854 616773999
338191751 346123279
25250113 780110697
851182281 430900746
22040078 97027430
176720825 83104322
71780939 818438449
93648628 75066724
