942 893
999854728 575015
997459274 1435649
995186237 1537128
992307312 2082127
991699053 3212668
990414301 4068392
990092303 5713903
988983999 5715686
988310597 7840207
988058785 9444341
986684727 9685862
984161113 10078869
983182713 12090792
982927487 12621671
982718206 13232743
982077336 14052484
981944289 15017258
978415555 16173230
978406149 16399659
978000323 16541457
976726720 16742115
976572404 16753486
974040000 17178462
973269065 17271396
973049033 18892590
971533116 18911297
969896048 19751213
969806131 20437531
969168016 20723432
968861162 21812661
968582510 22270670
968581113 22716052
968081147 23194988
967896090 24269666
965525290 24519982
964706791 24686944
964621493 27083573
964150749 27199604
963320614 27770118
960126888 27774126
959951076 27885487
957698086 28099822
955487373 30021778
954612599 30713148
953435804 30807480
953257580 31553044
952900424 32440792
952675051 32474325
951258790 34431298
950745277 34477781
950693647 35342143
950249981 35975851
947333204 36021864
946851336 36614830
945909783 37050774
945776574 37055772
944305376 40612309
944287269 40898696
941975629 41352780
939399371 42438998
937102795 42614437
936707651 42657373
936689595 43818089
936105988 44272586
935159799 46770984
933448722 50204412
932407862 50814166
930699671 50984767
930361982 52507215
928588959 54158040
928048709 56853915
927489550 58169436
927411501 60441700
927245891 60620303
926187855 62120910
923506278 63119838
919613564 63322245
918852306 64171160
917681161 64202918
916129928 65020033
915619884 65271761
914341937 66130583
914143694 68467966
912808280 69190468
912767574 69738669
910244345 69751441
909479020 71422826
908836807 72188702
908400033 72857564
907341827 72876054
906537002 73978094
905930555 76934625
905920567 77202872
905760393 77239283
904467552 77263457
902102226 77272317
901848996 79660598
901261353 80368463
899832004 80925708
898730202 81489565
897943682 83032420
897209074 83401542
893386033 83505009
893370409 83858758
892113639 84539415
891186680 85098639
890519351 85841047
890289542 86321533
889732735 86568632
887282164 86615088
887025028 86919110
884935905 86992701
884524872 87440333
883516081 90086366
883436361 91510535
883185709 91926759
881781448 93092663
881313820 96192047
877448237 96587642
877394260 96826061
873882760 97306069
872595857 97386551
872543612 98882600
871347841 98906189
870671811 100961121
870578629 101701073
870000341 101776250
868363297 103780536
868105264 104015079
867709450 104467358
867144506 105447045
866852584 105461672
866527779 105958849
865694830 107131692
864704227 108080995
863222978 108662301
862673688 108783111
862401958 108792875
860535097 108853701
858799678 109594348
856982002 111070094
856935887 111784118
855855286 112454749
855612371 112505122
855571243 112507101
850257389 113193050
845718435 113273274
845715382 113444935
845640072 113705593
845275528 115028816
842304783 115635803
842088441 116106653
841874133 116859851
841498620 117503331
838845602 117604778
836118916 118206650
835940524 118992322
835634832 119387428
834181602 119584485
832858387 121114088
832636593 121793092
830423590 122228469
828894731 122450009
828105729 123608201
828038814 124239131
821877973 125501341
821416295 125592716
817488332 128089666
816734520 129385432
814926814 129537718
813918036 130413224
812752141 131580347
811482665 134266539
810579361 135809011
810170709 136051174
809710525 136873372
809457167 136873923
808900434 137945002
807318786 140125018
804279210 140941002
803929178 141546139
803293205 141885520
802178330 142706063
801439333 142938151
798287377 143207070
794986852 143463442
794818201 145670668
789753392 146049198
787756802 148242046
786786062 148985928
786548579 149208212
786514705 149468962
786319267 152626546
783457661 153116658
779636638 155500289
778766020 160813320
777676502 162833476
777593826 162895300
776123855 163614404
775181186 165337176
774875453 165683773
771135509 165903641
770743528 166106067
769496937 167327880
767222160 169019584
766184063 170096319
765872241 171865938
764382999 172075330
764364689 173719580
764142253 173901530
760893869 174315191
759409118 174463860
753189477 174973074
751264166 175587777
741684399 176298186
741657961 178890783
741587358 180010706
740636153 183040125
740531791 185135983
740296746 186120959
738280829 186416888
737791280 186569902
737653798 187312205
737465220 188249998
736711551 189577947
736504147 195596492
735785077 196320783
734617521 196976513
734418263 197999735
734146641 199950326
730311050 201553972
728266006 201574375
727987443 201877191
727242668 202739618
725075882 204536103
724131481 204551147
723495223 205757798
722950018 211613854
720783709 213661679
720247289 213762821
719902921 213774477
717712592 214776639
716549314 217626114
714876314 218972137
712844144 220452628
711200919 220477669
709809357 221029135
708626941 223304331
706779143 224060443
705963312 224080054
704521790 224479182
704352957 225580984
703603631 227158415
703576335 227283234
702835263 228527075
701517348 229521030
697364573 229522963
697042076 230203628
694755137 230810228
693970513 231164998
693454330 231195113
693264888 233084184
690736279 235684460
690409682 236221241
687583483 236437361
687120937 238262851
686692308 239178774
686075435 239373072
685998568 240243489
684771698 240445824
683362349 241215609
681198037 242529373
679246053 242888950
678858659 244219154
677384888 248754419
677274843 253371521
677227219 256494641
676968342 256571411
676768139 256793393
675328498 258065540
675291249 259101700
673719147 259235035
671065729 260741083
670883690 261925050
670692602 262909108
669480651 264125490
669012464 264319502
668765826 264656106
666436678 265147691
665257666 265652103
664396986 266285446
664374836 270304123
664103252 270808942
664007904 271311903
662812261 271534245
661126845 272145427
660848736 274031258
659155141 275959368
659037659 276093792
655868600 276540987
653374214 277464418
653134191 278251936
652678838 278405065
652243845 278720819
651976220 280687750
651871439 280695587
650585960 280943590
649073078 283714708
648285184 284388271
646621342 285567910
646395349 285724127
646130632 285913407
645046487 286258734
644598481 286425183
643626544 286943085
641468307 287219468
640703230 288454857
640654579 289183438
640410680 289347994
637104152 290612068
634272845 291336627
632957934 291978309
632716498 292774481
632486760 295013524
631580059 295122962
630799202 295197364
630632691 295550451
630504665 296849753
628652890 300724948
627043702 303683576
626888050 303767759
626881159 304011110
626843732 305487000
626055258 305737079
623926855 306711420
623197439 307191620
620668857 307557368
618922567 307975733
618540794 310360040
617324836 311713390
616435072 311886099
616304998 313167490
616219888 313862858
615109923 314153776
614372576 314663280
614011305 316496807
612415299 318245710
611522227 321375099
608499411 322117571
607132156 325766314
605700091 326623734
604938444 327231184
603884922 327451296
600525065 329260274
599291900 332493079
597707049 332538854
597657091 332994122
597071747 335142586
596994639 336399576
595416071 338015558
594743307 341003010
594291065 342361894
593836650 344105852
591793544 344631507
591593295 344691964
590859593 347478663
588955744 351690324
587035610 352661447
585266490 352709547
584996150 355002680
582692295 355582017
582470356 355671873
582367005 356372779
582342429 356739580
580598513 363900585
578079916 366431053
577590579 366854961
576259549 368120592
573940769 368583240
573741842 370060302
573325175 373697715
572276370 375752200
571973884 376645531
571639218 381175645
571270788 381358794
567296087 381629629
566747876 383487820
565330140 384145242
564279824 386142146
562357275 386406742
561078612 386764602
560397885 387772630
559786005 388139356
559249766 388960745
558259854 389039712
557795104 391760905
557411549 391774803
557206893 391959484
557156391 392571232
556680538 394449994
555987347 396327345
555727266 396979124
555567661 398217946
554171316 398923075
553319981 399498748
552634778 400127233
552535460 402331472
552493421 403238580
551980104 403579573
551138670 403884438
549497786 404219955
548606059 404715217
547802093 406699263
547581270 407352553
545838462 409362027
544216049 409787288
542287493 409948361
542191187 411620845
542015739 412553843
541998012 412958378
541509863 415230352
540943593 416262362
538188214 416349683
537214483 416895929
535535574 419042848
534760228 419084562
533941577 419114886
533900829 420507555
533635934 421128834
533414358 421406467
532215041 422209148
530366929 429969919
530227717 432769610
529253008 432858522
527653883 432958806
527277221 433477738
526633859 438651127
526388814 439139793
525409903 439198195
522315268 441749354
519165048 443875815
519116105 444327303
518499593 447174026
518253999 447986911
518161773 448256694
516919239 449457705
516445962 454038653
515970942 454778605
514406417 455280531
512846628 458169582
511598657 458431721
510782344 458528950
506670733 459552130
503878150 459676635
503649636 460008233
502232628 462298235
501997430 462927023
501083693 464084479
499950569 466113336
499775084 466263762
498491346 467212223
495332493 467726928
493415348 468064521
491891967 468176419
491751888 468957803
488299091 470171925
482894483 470547864
482689563 471436100
482282220 474358933
480851890 475149056
479687030 475730005
479392578 475885157
477932933 475955958
475526815 476880191
475041937 477414659
474801791 478488250
474756663 478649679
474744117 479067180
474105512 479573038
473232629 481002360
472748207 481464325
472026874 482153199
470959387 490043510
469982330 490589869
469015827 491690365
466233061 493250975
465930355 500306040
465476945 502627195
464780140 502877109
464685374 503457390
464533152 505484105
461073869 507033350
459597096 507084994
458698950 507793279
453783513 507942258
452575262 508440429
450651308 509340963
450060166 510943046
448507852 511348327
447918800 513517261
445043390 514259804
444601078 514529215
444303168 514944456
444194233 515395718
444022402 515613726
441758900 516121137
441409393 517624214
439157231 518093158
435390873 518195846
434854538 518218859
434579889 520443593
434220625 521383804
433420220 521435862
430370501 523500362
430231186 524552396
430022852 526920021
429972448 530866428
429755370 531639447
429732305 532630678
429263391 534480188
429245721 534562202
428541740 535594774
426017675 536037419
424945591 536122044
420415307 536340322
419232681 536909576
414150293 537067900
413144766 537714133
412956194 539968941
409179934 540281095
408772256 542019915
406094756 542357424
404539014 543246354
403412481 543479546
402991466 544255045
402937831 545795005
402771415 545879113
402327483 546937936
402079680 547517785
400973883 548425775
400195467 549055510
399038518 550149596
398706090 551326906
397263037 551492973
397075408 555078023
396996464 556311078
395335744 559179997
394880229 562061848
393470465 562260560
391149500 563820777
390675429 564921655
389560284 566223430
387800541 568819361
386811615 569862101
386252044 569934492
378207530 571957570
376547625 572500985
375857603 572646871
375380072 572818001
375107515 575988587
375069944 576097218
374199899 576797325
372826164 578552536
371976835 579448701
371599585 581897786
371511761 582143874
371321565 582504901
371283790 582533001
370661318 583487665
369796268 584210958
368980166 584551045
368896456 585513285
365531112 588276461
365438743 588648538
362850167 591461158
362714440 591997632
361322271 595408545
361187808 597286581
360239619 598276469
359829441 599500641
359194216 599672193
359138089 601642618
357709643 601858960
356419130 601875262
354070183 602169082
352059708 602257596
350677121 602764064
349609204 603559698
349228733 604717389
349110356 606588321
348355864 607246691
347866727 608916923
345105362 609196963
344560178 609345953
344387072 610423191
343264155 610749085
342292872 613556609
341855143 614861722
341541605 615138225
339811201 615918302
339715856 616534316
339672184 617306037
339213629 617891715
336754102 618154794
335957901 619158911
335055929 619557089
331112542 620899620
330870905 620910710
328097241 621509020
327116477 622373468
325829260 622492039
325052230 624233906
324891644 629312876
324349141 629497932
322832098 634403215
322063181 635761065
321119418 637247545
316251894 637612924
315410664 638825628
314120884 640519510
311693921 643580335
310310937 645419382
309934929 646486919
309035711 649137738
308316638 651124541
307112665 651166992
306801624 655929819
305721782 656159206
304703861 659337408
304142969 659351391
303532940 659969770
302178002 660289395
298852562 660301849
298526654 660895300
298283107 661109751
297992748 662614512
297835912 666952821
297602811 669991283
297344630 670234836
293886698 671499721
292123436 673189996
291896639 673305936
289629026 673409984
288619802 673455674
287965533 679332722
287532704 679577008
287051340 679908688
285295554 680784047
284348494 680997976
284267321 681006536
282458752 681200326
278879429 683009147
277400255 683942229
276561967 684440372
275765026 686978464
275670328 688020111
274130081 691762443
273280136 691924401
272960074 697639257
268941334 697683618
268081472 698047304
264920859 698100905
261107082 698922802
260559240 699386165
259294934 700948944
258865908 702304150
258814704 702375312
256326921 703988217
255938911 704565745
254825121 705467998
254528613 706255569
253452830 707191382
253435168 707397762
253357858 708138744
252794543 710155280
252234400 710829010
249728888 712435971
248300252 713427886
246686198 713773601
244801914 714103863
243979120 716912082
243162431 717865523
243106139 721612266
242807934 721779696
242320968 722345662
240228540 725775636
238553273 727480805
237583697 727744929
237290996 728714284
236426260 729193612
235789283 730275913
234367447 731811811
231203762 731891419
229905232 734102738
228121861 737490932
226781868 737816817
226387412 737888706
222715821 737931280
220414256 738899603
219700793 739234040
219562114 739691932
218313464 742266608
217231163 742907217
214360976 743046794
214208174 743156833
213906313 744364758
210443342 745849022
207220053 746123459
206147745 746960945
205776189 747844107
205440792 748322023
201413399 748900118
200214254 750208887
199668398 751492852
198804976 751539017
195660514 752951321
193698039 753174997
192146548 753853647
191176730 755351744
187375072 756467293
185811740 756635377
184762496 758824447
184682845 759070017
182208254 759897688
181649003 761451472
181484629 762322274
181208169 763863935
180632392 767253169
176602798 767476068
176177570 770300860
173678434 771253835
173185004 772229405
168905782 772785634
167789602 773021630
167680535 774309847
164290509 775102968
162709533 775794285
159998732 776214173
159394187 778000913
159327892 778152629
158081372 779539934
156078303 780654189
155213572 780893020
154818764 782972154
153328948 783412044
152409044 783455482
151491719 784410240
150771550 784842041
149895684 786442550
148578399 787205483
144735259 789162821
144187463 794950095
143801859 796116257
142947978 796326220
142496643 796718915
140319171 797231589
139103916 799240261
138930081 800796198
138826377 801089702
138437394 802163350
137945758 802577996
133923552 807308014
133919639 807509673
133708033 808681668
132018651 809251714
130180431 809706603
127113371 810525253
127102298 813474917
126058914 815178478
125908302 816201965
125741528 819060299
124976858 819640340
124813350 820049873
123643606 820066429
121342287 822582816
120657018 823406446
119511591 823887923
118789941 828854975
118770666 829411017
118284020 829544330
116320688 829939002
116153316 830975298
115310020 831889129
115023350 832518903
114058351 835007733
113381581 835081183
113343527 835210778
113112127 838772913
111327159 839048465
111042553 839567390
110597635 839861215
110403124 841708518
109080406 842390911
107209714 843075281
107128495 843348438
106471946 844693593
105845714 844757944
105218294 847259411
104786240 847772165
104081762 850990835
101068340 851062710
100674594 852328952
100593257 852945311
99996865 852978790
98857378 853768036
98595442 853782734
98213796 854397475
97911241 854902744
96517307 855878108
96159103 856887144
96103225 857393073
95257352 857426147
92707423 858452971
91636038 859156820
90351602 860810209
89497538 861614299
88726212 861996549
87624279 862043177
87538724 862562930
86012233 862881137
85618642 864518269
85190470 865471919
83938280 866356615
82050848 866846753
82024133 867123083
80990581 868488454
80509629 868896539
79228430 871090866
78699652 872782761
76991667 873057891
76894846 874076270
76287763 874266772
75676479 874927933
71266256 875604037
71007026 875890797
70029785 875971033
69858407 875974648
69698577 877358972
69559144 880459304
69404759 881396920
69323029 882333306
68536877 884290883
68237738 885450114
67414756 886117061
67058651 886434477
66951710 886828082
66874489 887087631
66753045 888624368
65739957 889396354
64408133 890221783
64371228 890301094
64297167 891077698
64032850 891597705
63807296 893007513
63794625 893554694
63148626 895199673
61866605 895491820
61302144 896328654
61212339 896856173
59809564 897184429
59171680 897362723
58099831 897568675
56761540 902141692
56133428 903995761
54104538 907205596
53048695 909606703
52977409 909747567
51928520 910299303
50862937 910318719
50573464 910411010
50503982 910425219
50193342 911586007
49141651 913031683
48724799 913902805
46533163 914522240
46501540 915597277
45910760 917147278
45722072 919888626
45219454 920489189
45012691 921190382
44163642 922073732
43120741 923021511
41581947 923491864
41555889 924710509
41377346 925745579
41078878 926997479
39400908 927033981
38712690 930850388
38057080 931196195
37978327 932214428
37966192 932530024
35902529 932584471
35646075 934661160
34204667 936257343
33245694 937320128
32956016 937623236
32832613 941034851
32680109 941692545
32357686 941757276
31904186 943909479
30486273 947084950
30455685 947618398
29494656 948021251
29225699 948542228
28927883 954564650
28183075 959501170
27826112 961701318
27820837 962143383
25621324 963651126
25466760 963784858
24747600 963937765
24268971 964066976
24176442 964297846
23851833 965446811
23761246 965487208
22902145 965719545
22869715 966934039
21629591 968547540
20204109 968848867
18390760 969126580
17766152 969748878
17527669 973192014
864 679
920 54
376 805
814 408
15 436
308 141
616 579
967 104
799 185
987 277
878 807
515 625
235 39
561 66
580 717
798 795
396 717
200 123
874 366
531 240
