923 711
997545119 1855548
994944067 2346102
994365844 5338225
991390012 6888190
987241522 8522120
987117993 8818044
981343109 9670256
977891332 10093021
977452777 10516712
977123547 11751414
976168933 12396252
974306964 12742790
971718047 13344330
971174825 15580846
971000019 16958996
970424758 17332585
969148356 18914783
967542603 19859008
966475697 20191496
966169057 21161548
965083281 21733401
964454093 22485101
959796429 23552110
959415730 24576049
957262852 25477863
957177600 28100155
956131626 28756332
953974531 29112392
953106976 30546462
951817237 35499759
948974686 36148841
947443371 36195647
946643822 36577588
945897096 37163224
945056016 37302180
944988137 38279905
944350720 38775853
944137158 38789017
940472021 39283775
938337832 40505274
937375868 40865101
936540397 41104433
935975166 42320076
934651952 44161494
933837420 44352162
931007119 44551982
930995913 45110990
930081205 46026360
929760468 47273667
929470511 49303306
928423740 50739013
926548525 51248539
925999465 51642826
925549806 51899442
925354958 52140449
925309471 53695063
924293352 55172920
922619587 56276139
919593929 56383842
918944688 58830918
918748407 59934547
914232357 60129055
913164064 60456529
912640660 61378432
912031997 61476506
911251575 63566600
910486800 63648006
910223021 65274871
906939600 65298845
906493205 66092957
905297976 66854321
904578780 67637375
902477361 68018241
898989229 68055675
898986280 69054766
898713505 71616869
898651409 72645385
897657986 72859623
896752244 73298383
894714200 73711531
893806840 74621554
893575061 75079405
893132080 75998977
891510552 76672422
891288054 78831522
889592370 79033193
889061802 79845568
888326322 80007645
888299841 80696079
887464135 81038313
886419730 81629331
883814572 84665264
881886415 85082581
878861455 85217692
878284827 85711791
876134663 85888950
876121780 85973549
876012164 86719841
875096260 87161695
874651784 87457565
871300472 87840320
868963525 88285719
868794342 90390762
868740763 91975352
868310356 93461292
865473569 95417925
863147840 96158323
863127751 96317289
861670729 96676735
861636506 97427469
860958543 97670898
860841384 97708255
859930188 98915757
858838603 99014079
856856583 99122759
856079768 100610904
855963748 100928675
855358400 101042443
855310433 102916463
855303064 103127525
852486243 103411760
850904911 103783572
850483475 104681184
847926840 105575162
847689241 105881856
847317763 106198378
847128226 106451309
846856274 110531806
845413416 110553624
844590524 111950528
844329052 112343847
843705083 112377213
843362464 118520300
842570438 119175643
842405810 119535676
839710034 119627339
838822477 121096880
838519383 122414474
834964393 122469236
833695184 122772198
833627833 123802791
832638925 123931411
831358175 124190125
826974504 124411851
824808173 125169960
824549252 126283897
824258620 127428578
823166386 127754857
823025687 128219329
822567888 128263642
821449108 128498624
821219890 129989840
820201615 130085877
818665180 130338310
818058013 130786608
817481090 133269226
817108643 133607549
814351052 134465920
811213928 136864517
810998982 137088755
810510347 137524423
810006163 138629100
808375996 139549423
807822937 141443811
805889961 141789408
805538009 142237423
804978964 142502827
803399212 143778144
803247305 144677238
803231688 144949567
802826195 145211396
799305370 145401101
798649936 147242962
797697894 147443330
797405505 149034633
796556947 150464912
796372517 152196954
795912246 154635053
795547622 155938871
795298792 158653129
794465778 158925836
794387871 159223690
793439504 161451162
793387910 161523866
791667558 163028234
791371166 163030852
791300551 163714044
788967008 163881982
788053713 165200505
786746797 165972640
785198292 166261834
784075723 166309094
783812390 168644349
779457767 170491349
777211781 170684119
775012527 172346329
770734711 173013753
770509299 174249521
769658754 174446493
769284056 177653599
769006021 177982509
768570404 178110175
768487016 178187834
767951740 178991187
767893149 180369859
767691200 184004169
766040061 184762114
765500549 184764098
764956390 185463397
764476243 188306078
764389098 189204321
763505909 191754860
761098669 192056400
759751437 192661936
759468141 193425804
758803686 194768461
758422575 195551469
756923153 195931069
756714941 196747415
756609307 197417136
754687866 197417631
752413853 197590609
749885092 197936522
749658811 199303921
746619188 199896136
746322484 200776509
745913890 203086293
743884821 203338084
742832798 203574534
742683134 205136743
742487339 208099600
741257501 208221568
740991855 209807040
740929266 210434633
740295228 212039723
740198843 212247966
739791084 213649366
736542349 214495456
735649444 216762248
733778255 217919986
733590762 219324542
732422655 219536484
731804712 220527453
731578062 221870526
730686547 221913456
729421951 222071143
728742195 222286008
726358878 222413680
724460738 222835663
724438273 223698718
724268953 224671119
722141005 226555546
721263320 227848150
718527094 229282798
717722931 229368871
716587513 231284702
713574211 231812831
712543442 232443507
711236114 237941834
709329024 238928136
709292181 243185368
707310720 244698332
707203363 245134239
706413722 245420618
705481278 245425585
705371800 245469822
704504914 247141482
703861762 247547630
701906339 249585643
701810586 250897745
699222835 251612727
698514604 253218529
692281787 253239025
691396275 253454818
688860039 253697927
686700703 254206951
685775749 255877193
684560587 257596068
683559790 258619659
682732552 258819948
681707198 260976987
679363457 262239633
679304094 263484479
678891869 264035736
677552585 264186451
676913268 264830799
675055197 264835928
674783960 265299367
673853044 266248919
673449955 269029141
671721104 269356550
670985057 270716686
670285143 271106326
670265578 271527258
669810281 271932164
669056695 272231263
667805384 273210384
667785808 274679433
667251908 276175997
662968637 277550416
660527323 279010699
659381835 280361920
659337220 283877693
659078307 284352311
658791236 284661247
658104521 285485615
655391294 287651089
653147403 289052315
651783909 289065352
649719928 290638500
649464846 293976156
648712179 294780786
646914795 294802691
645907250 294816438
644191883 295855956
643737506 297706820
643596978 299132147
642845155 301413851
641701417 302522854
641236265 304738082
641073748 304771195
639397910 306454994
638402855 307395608
636127990 308513924
634781779 308782104
634422479 308890447
633685085 308900370
632889355 310783781
632623607 312724539
631498250 316518562
626697374 316686471
626243616 316793660
625712627 322420806
625678855 323271699
625432579 325360903
624380384 325573300
623134512 326450749
623008596 329858316
622092780 330743810
620367540 331934656
615753858 333754885
615071770 333789285
614956429 334241034
612623825 335406302
612485314 335535796
612061968 336657471
611868396 336760647
611093794 337413524
609513234 338267493
608194171 339448172
607772463 339958940
606157509 340189792
605845136 340236437
599328933 340325013
597388982 340985635
593290151 341968337
593024880 343512002
592916024 348089052
592864520 348746241
591063496 349122251
590333408 349271419
589896495 350409175
588079045 351848882
587365327 353201316
586756879 354944048
585324031 355753426
583833100 356730105
582880766 356742225
582649365 357319638
579921830 357369051
579447014 358980737
579166850 359358614
577726732 361627534
576978132 362279228
576639408 363563483
575436547 364751191
574644598 365750693
571144645 367838042
571056094 369100008
567337956 370501208
565753914 372646336
563971744 373568915
562623769 375287142
562065616 376190987
561865796 378134129
559518690 379546785
558618947 382728106
557274560 383374364
554729773 386390228
551461281 390379864
549143262 391328672
548763597 391572002
547675100 391998662
546627119 392146128
546611597 392263335
542497351 392570092
540922025 392757993
540890113 394435714
540547835 395038581
540541517 395221510
540437111 395434271
539621463 396391911
537707560 398890335
537347031 400154903
536564692 400367417
535782456 401304738
535685123 404434152
535450016 404759433
534727401 404995767
533472318 405462845
532763720 405572217
532081067 406418597
531409034 406758265
531019382 409153688
530592921 409869360
530189955 410991277
529761888 412414848
529079219 412537296
526216819 413088754
524280204 416803449
521603929 418761863
519137031 418884017
518939309 419356636
516502810 420877228
516455327 421985769
515846681 424321260
515308238 424731412
514668644 424996152
513487134 426401845
511727156 428034234
511117551 429141672
509978948 431683517
507620969 434064753
506251781 436526409
504824066 436628312
504571385 437302839
503872129 437563028
503728037 438232030
502408176 438865581
500693681 439187897
500675915 439281712
498517231 439972380
498338396 440369962
497495946 441704717
495560224 441916265
495184790 442251531
494187318 442957640
493469524 445915283
491112278 447869790
490834004 447970383
490754963 448078756
489540396 452231851
488784152 452550037
487200065 452918437
486872955 453405677
486404731 453679345
485328178 453977268
485094178 454698891
485051372 455047528
483265673 455978144
482233029 456123965
481925867 456566371
481554170 457106081
481333757 457437195
481147392 458094123
481101642 458737092
480692118 460471736
479665400 460930715
478950361 463973429
478531192 466829683
477881506 467021796
477174945 468179475
475832983 468980822
474735349 472692083
474427676 474759250
474062057 476230677
473642027 477395015
473632896 477947217
473492595 479119941
472303766 480014869
471277589 481734930
468434868 482122025
467383278 490145526
467381867 491875637
465432045 491944106
465131114 493206687
464622037 497415214
464134719 498849641
462950954 499520243
461004349 499966827
460864282 500561989
459154029 501335840
455339450 501391964
453791254 501403750
452992407 502099190
452968985 502725950
452877563 503025164
452803554 504307964
450225914 504469865
448799834 506239928
447656049 506572184
446333057 506887822
445514927 509218044
443645612 510919520
443475633 510998847
441682009 511603020
440935916 511767475
438890209 512629341
438853741 513342096
437198396 513491551
436722220 518681484
434820370 519644092
434637229 522270583
434506938 522598206
434417630 522911404
434270697 524251884
433756337 524992443
430953744 525148556
429971146 526464624
429959708 527064128
429722654 530009907
426335261 530957272
424200373 531016195
422474355 531540763
422139635 531871954
421750998 534666457
420679208 536541056
420412930 537025208
420173386 537756714
419605102 540234635
418590690 540861043
415292208 541838759
415112930 545695634
414848723 546102072
413762257 547452440
412953913 549145309
411652917 549359375
411564071 552483283
410445160 553664024
407285772 553945695
405917109 554060850
404978460 554234438
404740711 555850805
404335171 556551346
398855918 557363824
397734179 557711764
393466082 558846423
392946716 558864113
391007161 559149133
386284672 560839677
385405334 561784061
383894808 562004581
382073866 562149077
380682563 562164210
378895868 562914284
377784576 563619647
376815202 563783164
376765865 563963910
376238300 564398978
376210734 564832019
374825234 565199945
374729559 565602609
370855211 565775936
369916197 566320671
368154437 566539721
367741759 568132106
366470923 568339976
366178168 568382455
366107336 568590881
363101809 568981313
362892743 569171861
360198845 570713027
359543601 571662885
356707793 572285792
354477503 579065351
353910702 580918657
353653004 581288188
352914108 582194944
351761404 582669823
351311158 584185032
350569866 585455307
348839681 585615810
347287231 590014835
347256783 592244581
346746645 592855328
346432889 593336449
344790301 593581074
344176271 596526995
343774442 597853556
342437502 600890536
342424468 603534006
342415810 604564204
340663288 607889416
340231570 610608049
340039740 610789134
339629822 612933797
338997821 613702480
338597749 615866997
337968009 618085652
337516914 618126157
336967460 618223995
331336958 619538902
330308389 619578388
329725714 623386952
327445420 624639658
326887249 624736544
324188147 625555396
323167633 626138029
320866127 630649711
320077475 632468284
319833128 633391995
316515609 634190144
314910916 634423595
305227187 635952726
304868956 635973293
302072755 636350836
301983672 636932830
300908633 637654686
298728810 639185123
298708881 639484145
297436419 640231519
293907897 641174029
292984601 641277194
292770230 642944088
292237162 643379776
288031164 643919777
287208714 645295882
286874928 648477897
280385257 650271611
279283994 653261393
277466650 656676805
276748808 656736168
275612226 656900006
274274721 658026556
273829853 658423053
271726749 658667633
269631646 658901763
268642091 659202782
267499724 661798677
267156914 663439905
267003555 664997283
266913473 666513630
265966928 667761558
265829996 669581234
262299897 669908304
261917210 672656030
260475787 672745056
260276305 674319236
259985469 676668489
258802089 677234538
258319199 677263957
257698498 680583194
255036243 681053544
252512928 681714228
251371937 682269135
251286570 682477241
250423652 684883269
249043890 685178005
248864363 685675924
248512710 686492633
245742602 689031196
245295027 689276412
244523859 692494813
243290238 693491000
243089504 695219261
241476880 699920139
241216650 701270851
239521569 702806769
239425394 703146714
239117276 704950415
238662022 706124140
235075112 706812383
228721822 709409843
227194799 711096076
225948099 711901073
225083213 712053069
224871607 714412058
223944676 714445428
221873347 715223525
221251719 716602191
220489817 721239624
219774338 721276698
219051857 721575584
218403716 723583779
217536499 725061514
214503811 726612371
212392577 727490502
210932848 729713172
209711784 729849034
208392037 731628153
207443081 733596671
206553379 735737318
205765805 737860933
202672665 738151956
201166418 739449128
197959154 739655728
191502713 740555500
189091943 741117866
184611469 741886028
183814956 742196075
183589761 742944032
182266063 745014381
181821788 745381230
181703555 746342549
181310170 747210594
181046628 747389765
180753985 748209592
179994737 749026883
178426860 749608933
177460025 751160115
176249594 751408819
175359359 751998766
175283296 753451930
175280839 753940121
173983203 754633494
172787659 754905037
172379445 755626699
172244359 756746716
170371308 756890052
170167431 758092903
169470595 758402839
167224462 761759909
165929324 763063770
165542293 764564102
165231374 767232413
165012381 768306960
164088814 768821250
162425877 771277661
159940642 771674097
159106845 771696099
157893902 773733293
157773883 774226474
157627721 775131534
156235286 775529026
156153220 775649670
154902952 776708521
154389968 777229299
153799173 777810052
151249956 779847377
150923602 781128431
148458281 782018919
147459887 783290413
147143475 784051961
145476936 784713423
145320376 784810732
145150713 786057728
144605693 786224460
143876696 786691277
142495582 789207311
142033049 789207443
142002024 790892533
141778868 791430490
141086657 792254592
138987748 793901792
138290156 795623240
138058853 796559848
138046749 800053745
137221894 800351802
137211467 800769495
136038567 801017280
135394244 802815851
133702828 803537619
132400340 804308984
132249934 805071533
131786230 805456655
131501841 812911179
131298422 812995482
130607419 813313425
129150820 816461041
129134779 818159783
128060881 818486932
127502846 820051934
126089988 820708079
124856359 821260209
123280695 823607833
121650952 823849050
119408230 825005330
118518599 825702189
116758582 825721180
116159889 827736114
115750165 827848287
114863518 829303588
114661321 831062040
113033260 831196402
111475452 834092167
107218883 837243061
107130463 838594183
106976206 842140159
106126120 842228214
105321253 842240886
104280607 842382049
103151661 844399904
102881928 844964953
102304739 846002060
102174138 846946111
100781966 850630696
100324265 851865226
99545081 853056265
98724099 854402331
98287266 854811345
97262575 855210634
97056388 856850555
96877704 857544925
96083721 858570839
95598823 858831447
94621304 863283879
91564528 863503600
91446938 864814568
90391046 865300918
90100666 869372441
89194821 869496084
89046939 869757383
88146689 870795979
88031263 870799140
87253017 871037458
86316567 874532700
84426735 874585769
81854162 875743107
81247407 878695451
81246517 879182363
80299825 879938455
79880285 880666685
78734921 881612226
78108519 882247569
77900193 884008104
77895380 886227353
76916104 887109313
75815556 890185865
74847125 890479085
74796533 890681495
74241285 891958092
73815335 893571658
73339564 895702688
71633030 897266886
70304839 898091707
70262551 899305687
69267670 899768342
68776151 901473089
65172652 903248849
63484916 904894170
63185264 907112862
61833923 908945506
61138953 911622427
61083796 917134858
60456982 919436077
57829629 920284648
56300428 920286697
56142198 922496565
54814963 923551357
54418466 923653948
52978448 925478849
50813760 925534082
50649263 927938968
50231671 928130328
48696326 928566086
47416695 929315520
46864129 929516979
44668090 931414860
44542598 931430155
44203656 931902659
43415158 932133927
42043021 932318441
41007442 933216085
123129906 136426235
273460540 407482217
955418284 7589117
391296990 665479560
526528426 915548873
53778367 963156737
601324621 52511775
123097379 95015001
184312120 779151349
441761646 720853176
446956733 269609932
243179808 913175564
305727995 870827693
16327224 669291477
526575733 598692610
827888499 649705638
735118844 101349039
909704206 543053479
961454507 301001195
208533038 340499284
69066419 262311404
156172373 670391040
167339530 131786103
765406040 204168002
910937451 59684037
925021177 210410535
329293968 20717336
123586098 487538314
891545029 139913322
9346142 270637113
591122283 837234641
920342750 178757478
791100031 682563308
721810957 752554537
983564502 930343994
93053821 52630921
45171750 101742545
575538312 65027631
233528647 193460703
269195632 144466097
253144740 46733160
354876632 434955059
67450496 330979081
922493373 811511876
323408754 931839514
82148988 914531036
769074154 855008089
93288514 412690536
537571396 815099470
17761425 373652250
597959815 110815245
278799522 495647916
65074141 706854185
560675547 298602787
900314887 829871178
443068883 5975978
876604338 650461866
440931037 944054833
981440947 215940761
608083060 304849700
