913 636
999029394 56154
997446400 1046135
997114530 1083243
996968091 2996605
996327879 6458151
995800400 6520098
995715248 6624558
994731017 6906578
994670134 6967219
992501476 8116082
991341646 8143812
990952435 8494586
990786793 9553746
990300255 12452031
989874614 14375958
987929924 15819806
987028920 16929555
985765819 17551233
985650659 18720209
984827264 18904664
984490314 19488479
982297816 20224642
981227696 20621871
978244305 21560385
978045756 22660034
976868958 23118309
974996075 24068002
974817611 24545392
974107390 24948406
972632346 26280364
972009237 26787259
970609834 26893892
968614940 27137529
966809405 27178074
960042614 27764812
952934547 27968341
951371383 28335812
951014741 29908459
948959142 31378094
948902766 31400967
948524429 32254372
945211337 34154378
944797581 34250524
944160390 34256851
943507398 34567841
942339185 34655796
942223205 35020755
938500564 39191281
936805996 39527158
931529304 40143986
931447131 40675144
930941080 42081621
930502443 42098899
929144261 44599364
928018742 45739568
927660047 45939364
927123496 46471728
926426712 46571457
924412421 48396221
924097631 48978251
923258057 49170341
922223535 49876119
921833012 50301186
921766261 51562307
921644182 53036908
920524281 54036259
920381142 56579137
920217590 56719289
919683781 56755707
916201315 56874350
914298002 57574959
913646138 57815845
913409602 59238395
913167173 59657806
912947976 60046283
912293312 60501734
911428719 60733733
908628647 60872775
908137496 60903136
908056871 62472366
907547377 63973128
904455385 64196450
903390716 64686372
902911266 65598396
902854831 66727765
902714373 66915597
901974722 68229966
901266299 68656597
896754247 69521196
893963844 70096566
893449090 71767038
892570747 72017465
891040892 72612936
889442789 75101773
889223297 75878003
889171707 76838108
889127773 77441199
888496549 79887345
887754901 80049337
887386883 80488760
886377462 81125757
884442262 81323228
882738314 82714095
882441239 83376538
881830992 84119236
881798083 84562569
881171568 84916623
876987590 85833689
876284853 85947706
875211407 86884620
873226076 86960000
872181297 87835183
870986230 88146388
869389939 88171859
868897184 88202265
868403674 88729938
868281039 89151668
867660281 89749343
867245494 90061590
864209949 90116082
863967627 90518298
863763565 90728152
863650825 91653916
862194852 92318091
862136848 92977528
860290724 93526034
860173030 93779943
854966095 94574623
854806669 95072691
854108240 96836222
853255468 97323102
853205829 98143269
853073679 98393737
849177331 98471216
848422881 99770473
845263435 100134061
843427857 100636227
843325810 101161522
841986946 101625761
840514175 102463128
840433029 102859550
839112926 104542590
838924952 104574099
837919545 105907913
836971289 106219317
836852929 107079576
835132472 107319905
835050542 107378989
834956329 107988889
834508677 108441764
832444559 109039781
831951449 110053413
829923559 111231422
828693184 111581675
828616012 111753318
828456469 112702177
827051258 113993571
825629849 114640141
825356062 116268375
824768699 116304145
821971792 117192882
819930453 118974840
818611826 119739286
815879451 120186396
815485613 120617925
814567721 124098362
813930423 124275722
813826575 125671998
813001558 126023428
811292660 127181902
810855088 127604772
809461687 127675829
809457111 128540207
809217998 129060916
809206394 129508793
808101547 131910745
807932310 131918717
807930183 132444477
805614884 132591429
804916982 135826807
802353096 135941162
802138358 138229734
802081502 139386776
801945835 140547843
801305063 140982203
801183751 141895306
799137160 143748259
797654631 144975231
796278009 145175164
796188463 146676284
794659149 146991075
793737642 149698918
792008586 150268413
791892333 152326120
791712813 152372071
790540219 154248141
789441524 155149342
788624293 158273433
787117955 158471528
786821180 159069051
786239922 160349252
785665536 161123030
784410555 161166311
782813611 162122715
782337639 164012582
778541522 164915871
777243819 168193837
777230083 168197235
776455396 168336168
776435472 169296753
776241293 169637244
775874112 171277809
771860872 171507011
770183490 174499711
769026023 176740127
766132810 177050394
765426780 177528469
764776912 177791715
762992479 180081094
762963716 181302892
762343559 182338505
758170973 183612110
756924204 184691780
756001983 185160198
755688155 185941381
755567328 186970980
755359148 187334784
754590757 188988385
752832546 189820925
750734568 191337328
750525260 192344276
748069754 193099737
747717088 193304232
746176674 193349898
745286856 194199455
744972896 194381831
743549307 196753425
743330336 199656940
742860520 202030423
740118485 202882526
739610082 204192542
739021893 207010360
738718704 207668102
735348104 208113837
734789890 208266451
733827146 208919689
733785014 212053894
732990258 212971630
732250869 213517997
731317575 213726097
730598587 213925695
730103159 214696103
729905500 217922201
728738172 219292453
726295881 223860950
725136917 224370297
724283808 224754873
723608682 227273454
717260812 231289322
714743528 232488181
714193447 234114247
713965517 236964301
713643591 237165509
712608775 238501090
711921002 238983247
710438252 239846508
709258022 242663495
707387670 244932518
706943994 245525308
706893965 245854386
705681183 246628425
703427207 249037876
702975109 249520410
701387370 250785248
700651272 251241787
699690747 253559482
697617624 257550956
695421441 259726712
694112747 261564222
692687912 262380519
684104088 265558522
682472745 265668162
681376216 266287780
681189071 266817121
679825939 267238488
678972756 269404497
677843625 269424974
677777849 270067214
676296433 271219730
675941614 272589435
672741174 273315504
671971641 273911392
670071678 274369166
665393401 274968518
663634064 275078523
663342186 276462576
661421149 278729892
660611489 278804274
659739390 279457965
658955154 279959254
658219066 282234572
658156224 282807203
657934732 285180254
657896275 285203321
654813251 289104400
653993589 289812165
650289007 290885362
648524294 294778288
647950801 299706721
647167264 300224485
647116214 300767016
646941226 301258168
646769477 302030518
646441218 302111902
646068277 303218720
644597184 303234357
644325762 303480092
644196411 304790513
643848242 306432903
642633718 306921689
642444571 307519610
640794637 307763718
638512930 308043170
637257697 308158669
636905604 308486979
636553209 309547656
635105838 310134078
632613031 311101246
630307334 312318274
630054143 313839232
627377548 315391977
624479842 315550983
621810448 317452298
620956253 318261454
620329538 318422366
617089654 319213382
615769061 319216282
614689162 319771668
614274808 320863439
613683282 321194213
606612424 323430032
605229257 325368413
605099440 327034914
603269296 327108460
603106883 328152625
602591736 328176082
602342376 328248578
602018966 329442709
601403436 330488690
601340359 330651921
599210895 332553184
599042552 332672104
597081359 333116785
595602903 333354079
594941154 334660946
594687675 335895710
593783262 338566274
593720263 339348660
591248163 342727652
590749029 344161999
590420125 344960533
589430621 345899631
588667474 346242157
587059838 348892843
586021819 351044671
583430015 351859551
580884929 352264916
580297916 353740055
579539020 353821632
578479093 355983283
576400554 356679041
575881463 357317851
575609981 360654603
575485251 360758038
573727717 362028509
571417350 362091985
569680713 363656948
568103280 364092502
567296864 365321563
567193253 366127717
566641916 367341253
564594097 367974567
563849930 369087957
563835518 370926854
562863330 373668025
561400424 376681684
558308099 377501285
556714861 377580840
552520578 378783775
550786734 379870458
548926942 380049479
547476679 381399593
546703902 382021248
546410839 383005289
545300824 383726914
544591752 383757259
544045786 385161577
543912091 385423212
543530376 385890264
542525657 388027417
541122971 390372016
540584883 393823220
539972601 394809290
538012956 395924489
537960406 396103125
536795041 397248895
536440044 397671622
534210270 402096415
533245612 405004626
532093056 405074737
531696482 405697914
529980636 406579054
529576342 406584711
528423090 406669531
528419403 409116992
526842860 416238016
526410316 419165155
525276394 419552890
525172673 420233315
523224529 420614914
523151539 423659805
522579686 425698207
520569322 431730945
520538320 433518758
519425026 435652700
519045455 437876871
516589102 438043883
515759796 438640596
513136229 439126054
509523805 441146582
507121112 443029698
501596996 446254095
499750227 446726425
499214491 447290904
495346376 450191452
494981377 453783868
491046939 453841640
490587940 454108551
488263358 454146193
488177900 455071067
486677700 456346684
485707090 457333827
482644473 458016235
481658402 459468756
480036989 459819283
476560609 460871509
475311687 461224124
473173228 463784764
468650217 464926118
467180041 464927812
466629485 465392977
466085754 466008315
465879297 466326963
464652831 466695195
464234616 467167875
463346343 467456285
460637974 468984679
457383040 471028645
456690180 471445286
455258142 474322623
454322784 474904094
453945507 475316751
453333832 476853333
452324664 477553732
451488659 480366399
450929320 481464142
450755182 481947676
446076584 482295165
445982807 482298654
445251143 483637864
445207859 484410202
441592964 485180369
440637987 485912838
440495773 486078510
440336396 487570323
438349325 494012789
434470913 494152067
434228459 494881138
434204079 497427297
433645970 500439931
433051258 503284813
432707370 504509746
431069900 505940613
430101842 506251484
428828764 506260649
427873131 506971785
427824092 511591162
426572659 511908989
426237305 515002948
424809020 515065773
424669324 515405344
420474694 519062753
418519855 519264162
418207165 519555597
418066208 520114038
417381758 520916560
416893581 521080994
416883870 523341665
414741984 530220446
412747092 530885371
412480712 531505209
412344445 532295299
411957838 532331506
410860729 536329303
409554270 537040318
409116722 537062252
408160670 537292986
407262874 538961053
407161356 539463353
404564203 540684875
402312921 541762461
400370199 541766185
399855015 543467878
398054815 544243536
396317869 546117080
392743533 546542895
392083266 547019165
391569354 548063929
388625797 548065169
388600746 548503989
386743238 549352484
386183852 551119286
386028577 552799642
385242355 554710209
383376784 555967432
382539277 556015191
382246462 556279398
381587622 557248933
380879245 557845821
380176722 558072882
378289661 560919724
377287590 561958187
375716654 562634167
373343128 562975544
373089739 567390784
370595867 568092277
367114992 568459340
366362349 568596419
364517751 569573951
362371412 569579913
361443986 570246528
361276404 570960203
360257394 573525870
359504179 573970497
358394413 574233064
357866591 574843328
357702604 575466838
357475930 576047513
357156696 576463304
356541993 578336529
356538663 578561492
354630396 578916722
353186193 578948894
353124487 579172775
352019505 579752528
350855529 580424048
348355570 582061932
347352622 583100786
347225496 583789897
347053893 585544164
345557453 585908203
343225184 588033793
336624875 588981802
332773888 589394400
330413565 592381523
329213064 593804604
327950887 596039288
327916669 600339904
323623226 600383109
323615430 601567853
321775678 602403406
321046001 602451328
318301183 602567901
316648092 603249352
313603874 606043357
311058645 606703601
310702248 607370480
309053750 609457168
306475425 610837630
306070427 611050372
305424254 611686910
305022402 612279703
304616682 615303453
304435243 615446924
302958572 615928176
302146763 619804992
301974924 620823277
301254729 621760860
300168154 622917864
299978080 623953400
296913320 624452941
296752923 625316382
294662548 626893539
294319974 627199931
292257956 632783241
291301788 633302405
289638082 634195420
287983819 634358702
287315115 636842482
287044355 637303733
286751308 637866474
286512627 638295066
286476896 639134589
285873648 639637114
285769091 641512629
285389389 641717139
283222334 642114701
283087076 644234124
283044409 644524534
282602954 644733551
282529866 645476939
281540909 647426250
281294977 648840598
278713610 648868747
278471722 651438134
276680769 651682755
276368633 653028839
275921467 653897323
274259201 654460939
273648070 654643745
273405291 654837679
272418400 655687376
267954451 656184972
263204780 657802552
262813142 660463121
261802537 660931003
261710749 662829655
261543413 664066912
261451555 664275205
259297783 665781402
258901345 667885224
258690736 669022600
258197043 669282494
256534179 669928609
254506920 670916964
253013489 672694485
252073327 673292282
251432640 673590308
250145869 676252187
249095476 676871934
248973607 677402872
246312704 678013405
245602727 680118439
245317761 680579774
241977198 681405785
240674585 684841886
238160777 688850527
237427855 691097527
235285742 693913023
234006448 694652249
230564894 694685485
229332265 696120013
228757660 697302223
228382450 697717248
226482162 698637367
224735838 699350244
223465418 703043775
222695430 703478450
222140021 705260895
221257808 706052849
221056140 708531565
218467003 708551571
218365535 710783842
217222170 711390949
215021780 712270317
214627511 712380875
213023190 713998711
210696081 714374813
210463213 714881919
207246266 716559735
205877793 716574520
205660288 717213935
205455328 720664682
202377100 721403629
197658895 721534461
197224226 723451115
197162872 725011706
196095804 725210716
195523783 725753812
192264831 725996439
192008735 727047317
191531433 727581570
189532836 727610462
188850626 728891006
187422118 729089392
187113165 729508838
184631542 734068996
184428595 738097860
184365847 739057113
182746191 741432095
181892408 741789825
180611508 742145818
180383858 742195193
179230313 744602019
179186136 746543801
179093879 749882480
176166101 749948284
175697048 750324101
173024081 750487248
172675261 752128339
170803892 757464311
170267978 760065870
170178382 760095028
169105317 761090874
168941473 763940298
168538607 764955347
168190234 766767052
167724024 767116148
167654341 767357661
167321588 768140931
166969494 770740056
165016993 772230065
164897746 772713054
162827586 775168498
158391877 777183905
157950603 777536823
154996730 778397225
154796832 780263664
153900409 781434975
153594357 784833375
153269460 785000976
151202304 785016280
149815089 785452706
149173788 787721268
148790306 788073891
148248861 789635484
147005994 790748054
145790181 793929184
145724167 794412273
144918564 794461473
143860472 795093155
142691589 796818675
141706782 797385611
141232566 798373300
140225915 800733532
139346477 801065724
139011399 801120048
138117249 801421084
137611227 802207784
136867772 802747632
136713651 804345956
136463426 805013524
133893333 805322099
133873715 805411743
132010311 805874029
130242679 806113122
130120173 806378552
130040886 807964227
129997762 809551567
129758536 811201794
128721963 811734421
124157006 811774599
123842681 811836937
122751481 812188291
122465821 812897686
122021979 813423967
121148134 814121724
120410782 815430097
120314671 815935491
120192039 816819226
117645081 816881393
117069837 818596806
116480332 821292788
115221102 821559102
115075180 822396499
114911944 822595097
113515350 823618760
113174700 824181920
112716679 826147719
112094696 826673805
111916391 828222237
111456619 829483064
111033097 829508141
110806407 830684839
110328061 832029404
110293522 836050143
110281187 837807004
109262795 838949961
108178785 839529743
107302559 840094305
106596941 841452453
105026402 846110492
100797151 846677130
99277252 849821996
99254096 851294087
99093098 851533114
99082583 854606842
98643778 856273922
98322713 856622779
97832542 857073937
97308490 858431510
97164559 859788776
96250860 862213777
95696699 862592337
94981021 862792764
94822836 863024770
93415372 863708573
93218793 864397099
92741939 865522533
92308830 865737324
92199384 868047691
91669434 870030403
90830176 871686322
90732449 874727123
90691261 875304268
88841115 875590205
88261432 876496672
87282143 877634619
87033934 878990872
86583062 881062757
86433876 881438982
85917817 883049798
85862226 885191853
85398121 889452974
85347741 889462220
82151753 892098496
81418201 893439783
81271290 894217166
81179095 894348749
81094076 896879290
79014559 898805820
78430631 899499126
77959464 899556929
77904535 900043898
71231889 900184065
69764826 900365096
69194912 900454084
68723449 900466000
68609024 900776290
67668244 901357657
64441044 901415609
64418256 901842816
63818300 903151124
63212777 903451588
62130946 904009080
60996505 907066913
60988222 907711949
60824010 910337774
60225446 911577050
59535675 911977010
59213316 913682958
59054242 917026195
58760000 917335113
58727514 917369257
58184926 918072716
57176289 918799678
56804407 920020263
55948247 920071239
55663465 921533581
53702992 923455641
53115067 925091020
51408289 926715838
51392826 926790610
51215963 930019346
50052596 931073617
49195812 933206236
48174328 933333416
46981591 935475501
46781057 935792169
45434951 935796132
44781588 935884564
44552281 938434345
44087239 938590286
43920227 938697402
42661885 939146076
41634561 939277716
41094548 940523818
40397193 940775292
40220139 941246573
40136265 941275654
38352512 942050103
37686253 944268823
37269861 944856123
35791307 945541615
34862149 945791385
34324970 946660264
34165163 947278786
33662811 947514675
33511362 947896054
31596120 948593236
31348279 949375115
31024996 949780591
26946554 960210428
21196864 963420068
21181784 963498060
20832634 963535314
20768548 966688325
19829752 966778491
17457602 968085114
16108204 971492562
14092667 972490858
12832641 973959087
12190905 975016876
11906811 975330008
11493718 976942045
10222668 978610825
9235737 978650143
8799190 979565728
8648150 980746510
8186335 981170272
8065810 982881793
7312020 982889761
7299855 983551724
5070269 985144942
4899011 989997713
3730522 990549670
3658654 991476027
3604613 991492215
2950152 994530943
2798510 994716661
1977472 995399520
1169768 996149881
332553 997711815
