913 292
646168256 131055834
621092216 738125103
410619623 599372176
355465890 249818269
779925585 120990882
450311856 551845101
369831213 835043141
358347005 436175288
149768295 398362902
99364449 105280536
483685081 638756444
540460067 192629336
416375647 351870567
180273087 123236094
978141031 360113026
728449477 476825639
343685211 202058044
67467093 754304834
801430219 422932983
856639454 433872156
396440216 159467661
985717256 766271428
994510802 196580612
54963067 996795448
594943513 6843867
954592335 78628593
645600310 495052401
123774281 61975956
846922967 156563719
185212049 677580349
516676745 913661525
6922339 860361955
115719568 74389432
467183140 769666139
349838766 323822594
56054646 746278981
483290254 41771901
512550408 330317407
238352512 567513474
179629206 833296024
574357340 134221540
764440969 72474002
481790292 740731601
134449957 181229610
897295319 172178358
858809959 413972063
85839882 718248649
126850370 54075802
792638080 594033509
676258292 142476845
917856102 732312937
741272177 253662708
626601189 106338936
436496466 864953700
673852409 616125672
550766075 100726101
750347211 167723395
173200102 84653855
908454995 160166410
265883464 658266666
332344767 124693422
72238728 270701001
695458423 51605449
177293154 340612854
645638958 853551445
335606051 416011411
438380733 76878227
669674118 64981921
183217163 106170584
782451972 709585923
574812607 185734398
810312023 177676169
205974145 836028476
262330023 114429139
996194886 528213487
625212156 328539652
505423260 549967236
599240652 200881682
601572684 776533805
541494536 247211641
482601601 877100586
663223052 773498685
806495164 185413521
690996957 989712326
144100456 325965280
551814601 718913062
511699678 214642975
896589231 717673822
50671451 11435605
684619312 46866336
539649091 162347820
227922339 45072351
712315055 679679343
98470384 313887738
308729499 639964919
413615731 791331100
369581856 76838782
417346136 28593372
114768654 108343093
18305697 111385462
434308372 422636649
830298523 798524401
637279624 579404105
368714574 687951074
590839710 53333886
587333761 130488800
68198057 667772451
28077502 780513111
347451793 126547886
94400848 656181292
619029156 360532930
300028743 988611012
289888063 717374878
17204383 404656717
678234322 888026431
516042178 112542694
163179432 198857052
763583446 800459055
630777509 132298020
340926480 74133570
38148257 928260240
57138721 106346313
448549042 85216223
886859423 796000835
64280460 833776622
304698478 683309615
46825904 457243572
524436978 336713966
27134801 394157712
741370682 705369123
134700495 109929211
670428168 297879926
161302615 434011613
98338980 792080123
418825984 439265459
866213692 456974240
220042050 923352412
415836904 668591091
8568634 155212678
317108277 72849093
988989300 474323106
608675060 35815203
931566677 133112037
225045520 958701478
527269749 966416202
664070600 661970243
928861764 187015119
959850168 90164378
621026731 910705499
882244500 39852715
202487309 600974543
349343306 422529358
524326955 765180210
943636800 385411940
920392887 113261429
310777385 761898538
587584534 919452444
650230092 519151211
905080832 875275612
330369040 284866932
694208165 994439639
946837174 475586280
33971109 759203693
565750658 654997839
522425543 300511509
547366905 724912851
901486052 749226563
147442208 278329358
366923124 943595360
516257649 139832362
56856788 827035033
901730900 644441321
599003828 404477343
16108883 356601012
132269306 346477922
641467943 678993822
193433912 440821469
154580102 227405020
52541513 572847111
734919211 574967056
873358619 134802467
299879906 627361022
884029029 299838466
758206731 250952152
95950177 274464380
390784514 152806964
954015764 145031765
649764636 405535944
402025459 665873519
762136955 534294765
864867792 403604897
65804938 58301704
844426365 220385039
138223075 896967878
793232149 873142285
324451285 519107120
7944752 624331190
998984493 744490132
776686007 757191224
995442284 872636183
884171955 238743149
25443146 838187718
236291265 527724134
96240013 638316723
46114004 858376967
25127839 910981795
114498216 90932777
821799850 958924580
311317815 960022925
708408809 957066316
685681561 32860093
328689787 546142664
509707635 327674279
143149148 138909993
937381854 138591431
11546176 821553808
229850931 889505673
512257878 466142195
417229806 608497890
104458917 463343809
319391209 129586756
226841956 433889424
73035884 48641805
245330355 384353698
861181081 953739164
193936365 399378994
839115608 522626151
945521657 201339594
850300430 88670804
340249587 640198635
79778586 204312114
314268795 162145868
93817786 826526672
480804414 363563944
287540913 437779683
826907752 606932121
419882790 53749707
40821544 492918673
954907864 138668251
877272370 816088944
92407414 71208735
67984289 784039373
446351237 13505946
837895319 149168018
954693101 30661257
789366653 886988039
234973370 103635447
901650258 328791155
782678470 382454672
692355098 70219382
820234354 371779202
529667855 92633495
278045260 423005750
585552167 85469475
561674000 315340888
901558419 506597765
239065974 969542707
143153490 685417211
835565004 981048808
834585228 642774457
11710064 623951880
382278847 99199785
580103678 136445456
427990939 362782147
518900127 972862389
285517881 191650832
197157942 667702087
284284326 475203201
90707836 869836492
560672676 504898188
37693732 314747446
864012304 276759705
136806504 7165793
962176915 824887860
840730952 796762143
320178668 704957367
273230374 702457514
804157151 853334052
838902969 84664442
68632550 210319448
57526830 206666782
254486631 107201123
874368868 538770957
582404323 817593056
261123800 995593350
175007595 298817531
162857147 39019898
575577236 299663651
898702043 390270502
124551510 591949346
39548996 297246529
149423065 312779370
999704042 953580215
18629773 691123362
890761008 87262322
753959161 800804189
146445456 8445792
908005311 20814323
399733100 342925986
838407378 660856899
338519335 13414972
812190782 501376482
904951222 240284369
653556484 803653264
630554870 630624345
248118961 670103866
927870873 397542025
982883235 780091266
203638592 854029359
323730979 94399599
793808032 77690140
895203788 940253487
86135931 655725450
961067810 338385382
998651435 651991539
999242280 189687122
517922863 663949413
691063603 275390436
904233781 197136438
79043699 534788651
827760782 179679011
57408868 755631654
577221036 40292102
388239271 780859627
746837812 711970249
875259225 540645843
789660388 622979364
333415682 728312670
131221166 146999843
66698051 129872600
798991381 918456683
319559721 169430595
434922447 863139675
444821030 339156228
60276112 376381080
726461230 888036893
556060091 783870097
496184898 133281126
676678550 884424168
766657104 423516361
448910769 494432680
816678555 91087508
117412044 150094236
819400178 101149561
297094078 738614580
231022160 948601811
509587614 403098233
118032405 944510061
266237907 415369787
136182640 179030371
644267218 862643869
67067263 52843660
499030317 415768513
38641137 175708866
152709032 805298240
451741578 601619800
299730920 268420132
692707308 269659315
271030720 364623837
370808875 568124797
955754768 454347386
369242959 317858734
857445618 339791716
114885146 123683525
755161502 251067785
155230247 251945071
966228005 74813861
304788731 465258321
490582373 343429867
493483538 495807757
148728107 945225115
97427556 300975378
66161598 642651215
570634692 337192317
859791403 793959918
905317114 815546171
248307303 127076424
133404904 105752921
466868139 100806401
81952797 74545992
351874185 89699395
326491063 170618541
164513255 631279793
635876861 655095628
974709659 129360398
3419736 123437765
927101864 100847291
276929494 993263461
596014858 847564185
330455778 308322612
494040454 88289243
123868782 742347757
215365666 109790037
700617029 682233805
63112789 635086177
756779796 414986973
724785571 83270858
585605513 889298825
567067002 73998725
396910804 541776661
55875474 400330539
517730777 982977337
353694182 794660271
828757150 802225391
494740807 11729279
110548002 988781261
100018521 86933136
583645369 167900538
49239524 136778749
850134342 112352313
624381277 459430490
379855637 201683199
395217699 965461150
90982023 962284701
891976226 340409179
356577713 947851700
593256069 726824841
783345388 946950250
374001463 464618889
601691992 868742270
476348167 712239994
710039882 576366687
651689481 146201602
744267225 700929004
135496702 446917918
665797668 759877978
758864759 45653305
961561176 6598810
863630806 905059550
968883510 755607031
97985080 177977574
555975082 691241149
904802414 191836822
490707750 131320229
656455710 92399742
62498 132803877
657156087 562618731
561686915 308845567
561336684 158470491
862290922 696833385
457904761 528088590
456711362 216769519
426258246 270788889
223368328 289889051
175848438 44768189
898012433 273833518
75262114 306503867
965074666 980064528
498340688 308298767
111384756 7312749
400698508 963963605
992632977 57854594
379098687 406836244
219216512 940435370
565306734 81507434
489785106 23211494
462112375 946496467
92497365 888370620
69801707 168382044
30776022 245650144
213150233 928788454
372000013 288412346
87808672 189591030
120993225 586149359
497889797 84894332
445978460 898588304
901374288 438611436
808959250 132989326
845447679 880692113
73424695 263270765
814715898 415726152
138998610 129344624
214738970 84012326
17715243 284540676
252394370 901007616
530190820 465544602
682312422 902190832
606473299 770121093
91781862 727466524
208786804 442188010
664877207 654765263
193292665 566251495
93376698 2251914
699240820 791340729
735460379 625181867
907127845 550176276
40908018 46126454
679520900 108163340
130138780 549752494
392704015 235049501
303276462 922894834
700594102 985588883
677602018 159583752
755709975 621900231
887050275 964496778
64088240 404443834
471778392 109897256
970695328 417671442
112149170 522452499
61528522 700125900
150717 968656366
102818527 893575087
867299171 782339426
1738426 849954302
184608272 394442440
85003802 487884733
169853626 638114255
325989967 699971995
797698007 81699941
174388577 537264633
898713071 90993168
941708466 223007814
200890423 764920145
640679255 165555944
139888996 702207776
865681843 140039712
670864141 968500370
33614798 390679664
603356147 887869575
240633965 787964418
134828367 178154119
128365502 304681992
816268373 454355468
4653986 613966379
388571761 31558914
3747364 139801183
122552081 945455829
362808996 323442503
710375974 3488251
488998447 850264969
558212378 354680289
842821032 81592871
175697010 728952182
472272534 779053157
616821756 712906498
419533926 751650122
891060616 547899428
908848465 559845341
854771247 766018802
26328071 95859359
797577715 30075434
235660541 920129795
975531263 450985889
243572298 538423588
306990491 732570744
241204908 865202868
939767384 84025939
946795738 115464394
812978120 419068271
894517550 282316228
984491121 166567827
886482701 728068088
714467254 795331166
287913428 421754853
413866319 314241499
517614211 211444034
344316932 753274752
131573828 172364546
56776992 227662477
710788133 363767482
812749572 951993040
228970349 752516956
36018979 28282439
720497701 701513450
447350709 467531602
836346029 284358181
634099428 722828730
12426269 201083034
370676247 152856048
622837886 784542565
467097546 140452096
848502950 663930830
746243199 832593130
836295375 803020190
60255606 547083508
166787671 725521530
351592899 248274372
330554837 240128229
276556810 51052537
941641679 723907518
518584138 630504059
8265699 5199917
205849140 873208319
206282950 576525386
26064366 829120835
213584303 345678264
969572931 62087252
9609093 568332481
747196733 845904467
371352671 659968691
245504326 390656693
385490220 597097225
638931064 716045056
837225453 915487873
619613944 631383483
491911743 138198081
114403894 352693793
143397997 320253033
225902111 202197299
896778419 104482828
31318133 962879073
450161091 853407415
877482676 459770183
421739896 624679409
158191002 645608918
137164451 256211679
36265610 522654670
853308903 675196674
91216077 543050708
443200898 710830020
26950542 935112640
701544452 141354435
287806432 697458800
461607468 366224894
899656098 210902238
470707722 783490583
26297662 920868812
636897997 903780337
233155347 911154244
380976097 391346348
556763161 518140547
647558026 445545123
40795216 353383281
120741796 984527644
748950340 416459045
547874015 775900881
351571685 101934818
769771668 491894468
799393618 83895487
858119362 551566067
294797724 328827083
187573001 321095385
102212246 824470998
77392073 335367592
588141593 458368170
726713939 144904754
976508716 226788317
442966228 869820284
432687949 416224375
854347927 181638288
832683419 254738294
810055520 36771455
356673111 579827187
528665923 8583080
663722673 386785284
560149147 811036748
568128718 747722147
132132132 670340963
424709496 62040557
5708555 12851089
520408726 584938845
10272194 496917441
811727161 305754773
219254076 96931461
721979147 73602003
278569748 554662565
180856648 88625268
591434020 537529758
520968806 120099942
546112838 37207831
359401577 106261984
848244578 927530294
706500482 832893062
450387608 983726330
894933618 456096162
849093770 267858695
41035007 711882315
764776135 705278519
17637087 984030211
802209980 739616233
910148565 933296079
146795149 91005212
874437698 590745520
481051321 247922856
563361813 27164158
285130686 922763389
985942493 985891615
702810034 544959327
671301028 5713994
528685656 418750997
461810155 230295777
686609691 355361513
942178091 303902178
913156384 959815177
140448740 567882715
551947761 50597304
501178793 551259261
994118867 228132843
142004781 327686539
476055698 705366593
354850697 761186383
480646334 193309541
599594349 35972719
738268867 270895377
41686712 119470874
689646373 356013219
349766650 228772416
711374731 291944740
532674593 477047466
104276268 673123332
44930180 508740380
576236987 398625325
59999641 422872205
626758167 54520773
750558743 102813864
759887365 105409439
716516598 93050050
151235332 316110946
129022769 889504198
439522674 23225832
8975072 129169047
379239050 358741721
210457814 943130133
503202813 743132406
420177598 607479080
416255737 317624130
116219460 992492723
716249454 28735452
267881279 343007620
83256224 18440021
298337835 695659940
976365812 14854432
788709990 127601143
183481729 770249110
17105340 623004403
645991293 878596763
604689801 25230343
89854836 815147614
820876827 593057648
558280019 93570776
53053079 827052107
411194905 21788890
672061181 127444358
50524341 939942459
322968329 133780564
958382479 621306163
681956856 787264642
636160594 323183197
914865784 819642323
93432306 784487476
295163077 591939950
515600590 899852877
469686644 605455425
715000490 290563470
198513072 125796860
384134246 251566151
952848966 795329150
273355040 477426498
775289860 176395733
417368956 98258188
162692648 228267786
719564351 844649503
15532428 208241296
167832699 782914563
880399970 113781356
419918390 175563046
705721306 935518980
75415922 27924301
393490756 642932763
318487771 592003828
621245974 555138368
696086330 426611291
202983869 969441369
904037788 978273728
145837101 173923095
76531916 161046101
402190881 648612618
5695603 270239660
709370265 26044654
905670574 589770235
139826009 178105316
617849632 698063666
113624295 545781906
725987967 359631402
41231020 44475737
951635229 662476994
452130456 500237910
89088284 655114324
322195631 993126072
633388052 320549083
19565518 562436319
481595183 421756398
63565288 487290786
544512409 772935552
513335439 450182983
215222138 505677799
628288298 833071770
203741465 594428944
231370027 929729431
954060345 272601046
826721519 758211926
935078039 131368326
110966187 24166323
786482649 433161817
869808746 272387052
753710900 889374263
834823370 235306082
163647013 750905009
575113219 708159421
376356913 88448657
10858755 591579050
446642808 491663404
277167171 650384272
86092347 508537197
432630054 892669044
781138243 111867924
503397321 568732633
243236249 614363507
445415307 29718897
47525324 167740404
154622301 653752575
57114667 989445670
889058656 73278031
592867031 316688227
633953803 969223943
257653235 644812558
413319344 704296042
136475961 690486515
207196665 75084660
51540063 639826718
820270055 685194657
604210993 176183727
253927290 847447241
643063585 699342596
729682490 543105260
867083000 884304790
196857834 776714018
726266811 938432842
702508400 171650193
255121068 336462202
140874135 512774302
833791111 554193479
69586696 822783424
97196345 276783360
750384435 1252759
916610078 423170841
686447416 373337422
599354567 940374705
73301015 94934503
492233652 802983504
638039763 211833003
539804645 834897596
841063372 118587807
625846789 543571771
290238000 880967856
732550325 283628486
246258510 566341435
837821964 315845205
241641210 787534660
592628564 992025644
788787419 361754993
415196484 475234834
735092415 867067402
268125890 808393429
962001905 612875893
463893284 600041667
824708896 856214280
287455614 518288619
974802086 913302403
61860390 117556437
646786610 646927066
401184923 745561471
65784852 91523238
61406675 307426062
879057898 506551591
299451705 520361668
720822935 567164541
995596501 308431701
434231942 116238742
116825129 248750198
729114634 433234764
848791864 406339881
141965395 988763830
924628500 116767481
754582584 839005241
86840269 253885545
338448658 340541543
999447016 404233509
432064781 913370042
711659570 163639030
272437984 11111275
684000697 993260919
430792167 532113549
301692619 865024108
500868642 271034100
113774306 82499627
556785215 815082521
488839508 698750610
656362702 265984359
668034442 410945285
957505951 754874710
664830830 295954608
95416253 516794197
700188116 379997385
430164238 264364038
396152766 702602222
127991664 80153462
548379492 558783830
464783362 850072110
276324289 965652003
973622561 242614946
48151629 530407776
57697467 389507488
81674737 566576520
508008198 749709178
977521805 465514148
357100239 494868986
613985107 305032843
11663182 166689575
685030227 294343771
431053612 81182992
849462344 559045275
13852805 397841835
