997 989
999948869 101420
999775634 1783361
999494714 2264322
998114351 2382999
997692648 3047399
992865162 3728222
991959172 4174798
990641584 4302146
990457524 4443799
990041564 5119968
989182401 5501399
989174157 9429641
988218355 10964666
987851490 11181238
987836294 11205535
987147778 12920213
987141346 13106359
986928601 13541212
985773210 18282825
983993240 18741687
983915965 20251067
983813696 21949491
983733684 23986070
983615032 27040157
982685884 27129460
981694355 28207220
980189663 30084373
980189067 30475078
978234112 31167475
977995480 33069800
977594605 33576630
974028963 34297597
973125645 34394535
971049156 35325035
969956502 36038937
969028368 36721966
968633018 36887435
965559172 36916219
963842647 38697842
963841273 39915529
962757285 39952310
962113065 40395558
960727447 40404845
960009055 40731673
959926488 41272446
959633047 41778575
959040962 42251595
954423160 42310529
954407286 43586016
954150937 44047611
953599310 44411968
950118814 44507839
950075494 44694979
949746957 44720429
948937459 45254063
947418896 46502969
944854078 47412832
944846264 47793726
944779934 48290115
943541660 49033903
943478981 49901565
942088672 49988853
941861730 50063606
941448105 52124080
941251111 52589976
940427384 53317815
939589773 54784674
939252718 55793501
938324220 56191128
936264070 56631315
935885570 57447315
935732371 58732458
934433266 59583057
934166187 59595622
934087236 60098097
931914100 61799201
931689586 61842199
930316005 62132428
929591276 63410570
925720807 64919771
925556266 66902420
923113793 67534605
922201899 67817517
921924248 69484239
921919824 70293412
920147043 70879913
919804180 73147786
919498078 73465920
917238953 73616472
916925842 74052857
916463901 74375834
915001955 75454458
914456173 75800181
913460433 76654082
911925238 77823027
911761959 78111120
911414154 78429407
911365865 78592938
910923700 78984399
910655923 79307085
910555890 80005535
910341013 80308345
909244012 81173869
909186367 82875917
908051197 83224453
907384694 83458335
904883694 83819682
904295206 84164810
902286066 84586176
901635207 85539421
900791512 85786971
900696160 87341455
899903686 87395293
898982883 89194688
898726070 89425166
898073149 89813870
896109246 92529230
895592777 93377822
894745176 93580897
893992361 93695602
891540618 93804632
890649090 94148191
889446612 94204394
888824955 94416222
888688858 94813620
887113047 97063727
886374886 97215382
882226880 100445505
879796654 101659102
878034463 104062509
877812177 105615786
877428983 105709934
876798571 105725476
874428941 105820684
873729584 106882297
871620357 107148706
869427024 107604160
869371461 107984542
867099423 108182024
866964204 109112459
866693412 110125118
866623393 112418519
866530046 113298462
865915394 113531781
865235278 113893779
863461083 113915905
863140500 114095145
861850259 115925979
861662816 116467298
860982177 116582037
858361507 118103858
858357593 118499699
857122245 119144506
856694802 119219895
856393528 120121920
855956878 120350371
854076484 121004127
853951187 121712750
853901152 123981334
847964514 124378663
847708071 124546636
845473788 125141582
844526551 125291187
844378260 125514400
844053867 127088070
843969318 127466045
842940898 127689928
842615742 127847671
841578541 128078644
839010769 128836487
836866980 131560237
834392040 131789505
833389834 131974725
831804854 134788878
831192446 135402465
830655774 135420419
828790510 136393904
828137120 136680334
827880956 137779124
827113588 138724830
827034329 138898132
825800043 139507307
825387260 140440844
824047170 140605225
822637095 140625409
819500854 140717301
818512144 141047594
812849101 141281453
812475709 143180205
811185501 144060243
810873812 144347359
810671753 144510829
809725313 145188425
808113048 145755473
806791838 146464836
805631335 146568184
805439168 147110470
804677814 147371716
804215167 148180130
803979190 150045126
803879624 151124069
803545999 151484167
803010330 152012422
800289438 153101795
800146721 155161701
799917549 156023940
798900301 156936640
796925366 162427747
794728409 166979285
793527078 169914507
793149128 170703375
792478705 170769032
791153969 172162986
789952254 173996457
789127098 174270636
789058696 174806376
788058465 175614250
786961825 177217676
786580190 177972572
783674022 178353636
782954314 178364059
782939806 178373294
782010847 178982998
781524826 179594395
781413124 179853371
779116814 180871722
778977702 181900629
778848871 183228567
777740614 183409976
773486073 184227627
772230651 184435803
771790831 184810520
770093659 186439800
769623001 188500103
768358001 189797831
768354805 190044226
767622066 190818222
766638756 190905610
765282550 196888086
765134310 197290149
764591977 197331180
763697426 201123395
762903892 202829594
762824581 202855981
762074730 203410328
761770963 204657407
760380987 207417985
759304993 207852849
758888826 208338986
757816718 209797654
757376822 212011395
753480264 212518935
753455592 213061100
753446799 213982142
752303724 214689784
752259781 215145670
749141267 215484133
748052603 215961270
748022715 216335181
747828270 216678942
747141918 216724703
746646370 218888528
745286325 219071834
744987916 219637980
743962507 220631665
742686690 220787830
742600382 223090198
740856693 224065762
740826278 224742220
740385139 224899592
739830009 225762338
734199828 227385384
733626802 227541282
732488161 227587553
730900340 228269985
730758188 229723948
727328310 232093719
727187784 232646375
722918171 235512937
722799798 236659149
722302430 237007465
722006697 238990213
721805034 242096135
721385324 242985761
721252430 243424960
720866797 248456528
717540369 249074050
717244141 249803606
716264415 250913383
715909675 251846387
715795255 255262936
714745503 256442454
713987325 256650608
713210947 256934949
712122357 257546251
709552598 260327474
709281250 261217203
708432217 262547783
708009599 262819414
705479028 264273893
704557224 264576283
704022887 265045032
703279753 267011977
701868105 268270136
701738717 269809123
700740628 270380514
700167843 272039594
699963110 273987858
699645924 276686887
699225195 277094449
698985696 279502418
697630092 281882881
695685494 283327023
693997903 284743688
691066057 285198314
687840899 285899694
686800699 287145320
686325727 290386721
685275913 290783208
685186302 291588052
680568414 291615056
679860638 291674694
679234270 291857858
678123720 292724195
678070903 294737492
677327742 295566338
676065495 295884002
675774698 296282601
675234180 297133768
673770782 300918947
673044595 301117555
672666402 305145326
671730747 305956650
670975959 307043425
669577432 307348391
668999100 307791648
668523966 308159618
667162256 308974558
667150407 309291110
666949946 309972810
666439391 310477936
666381001 311606540
664247080 311851639
664237719 312913350
660369912 314325670
659777365 318126013
658219784 320382483
658123327 321747188
656857037 322478194
656362050 322889817
653536255 323753776
652441026 324531852
652104548 325605965
650219710 325699962
649486891 326986580
649465069 327571609
647883418 328728451
647081004 329230685
645289204 329779681
644343292 333268588
641458082 335831719
640945293 337080574
640698585 339934329
639042608 340556909
636768338 340741865
636539291 342721702
635386375 342863059
635143405 343754072
633295832 345514629
633199643 347628657
632779840 348179543
631683707 352308485
629120296 353718277
628976929 357755231
628710276 358994339
628504029 360505700
626819366 360798724
623210582 362462025
622873224 362725916
621238566 363328134
619784242 363482293
619775336 363762702
616166395 366804396
615475376 367177822
614749785 367203998
614134224 367302132
613139099 367380112
612711877 367556277
611488525 368777526
610554315 369207993
610028592 370081151
608180307 370341000
608151282 374481673
607297984 374610824
605913722 375241851
599655860 375272614
598201242 376758133
597694590 377532896
597389798 380622719
596318232 381553034
594782449 381734159
594380692 382782613
593156775 382906004
591459845 385025838
591159953 385894087
588254342 387662042
586351772 387928496
584892275 388196610
583378453 388608527
582256572 388667874
581974772 391278321
577104075 392541099
576124428 392833666
572672123 393659055
569597938 394087146
567703713 394153392
567642458 395321832
566414875 395506034
565547302 395694260
565127913 396120412
563564323 396298484
561804809 396808374
560164939 398714825
556130280 398714844
555597527 399965759
554695496 400560365
553972905 400861488
550473908 403494157
550360588 405019804
548057510 406685716
548010257 408086063
546459477 408973512
545525088 410703316
543358539 411066533
542051963 411207376
540800852 411449405
539789434 413159027
539414914 413491382
538712999 414805789
536676253 415218738
535672585 416390899
532449025 417644610
530009652 421292025
529929833 421420295
529350796 422695156
529143980 424312860
525978861 424514713
525542359 427181287
525067676 427457170
525007453 427993583
523896082 428549949
523604002 429943098
523436654 431348603
521653527 431359220
521247698 431411602
520983982 431568196
520919246 433922471
519877115 434644993
519597262 434720721
517047891 434903022
515689358 436856401
515312943 437425643
513864359 438221942
511915333 438977855
511500716 439286133
511218035 441102000
511184559 441295100
510385553 442442099
509121715 442668198
509082312 442849206
508977768 444705441
505948642 446179761
505128632 449509052
505038592 450885967
504784037 453534996
503799394 453544302
502427381 454010974
502135984 454269482
501343865 454431012
500582259 455459044
499696855 455662840
499640492 455820219
498822525 456702865
498248696 457170833
497684095 457649256
497467509 459779779
497452871 460308242
497432936 460403782
495845525 462144593
494688886 462639796
494671492 465032548
494132967 465101719
492118272 466141430
489396848 466225780
489259932 469010540
485473472 469768752
482840152 470165563
481353746 470192824
478502133 470343310
475912721 470848232
471919021 471447565
471777926 472343586
469542553 473615150
468960396 473713257
468153934 477106182
464008752 477634651
463571384 477732621
462854918 478871783
460714586 479568025
460285065 479721020
460150244 480021986
459720972 480944699
459664153 481095611
459087105 481618734
459076599 481726925
458808696 482635342
456976984 483093620
454834386 485097079
452249753 491685782
452221779 491862716
451800499 492171107
448928150 494682452
447682245 495512150
447593551 497977488
446454242 499867850
445031768 500836677
444488992 502272650
442635218 503970208
442374850 504977249
440914547 505663590
439585978 505858597
438106689 507919709
433956973 508514239
433161271 509096057
430589066 509416936
430200023 510516441
429574459 511878661
428841858 514660807
427384951 514825739
427307774 514848127
425302909 516003921
423909813 516291758
423247852 517740894
422675002 518580488
422084708 518780098
419680329 519854039
418698352 520250221
416394541 522063359
416253543 522716782
415308323 523079320
414461395 524470815
413889650 525146236
411451530 525486321
411116418 525914052
410003235 526070211
406756705 528164284
405877027 530787553
405497888 531084491
404704257 531707240
404282567 531717422
401842354 531739780
401503787 532063215
401220109 532238214
400488309 533000430
399263919 533995598
395287592 534002609
395011875 534689318
394941017 534851982
391254001 534928966
391183799 535256308
390218667 536525461
389306652 537598049
386265956 538651720
386020054 538793522
384765771 539203175
382244858 540344597
381250907 541798799
379391099 542708275
378547308 542709285
376719807 543244481
374756812 545264607
374597904 546982156
373508167 547073598
372852554 547216888
371330700 549242447
370949648 551851527
370695408 554877798
370321153 555085205
367937499 555209341
363764162 555300325
363509189 555562586
362147778 556942088
362014296 558473369
361625889 558595690
360951645 558676907
359906981 558992637
359590235 559294617
359354716 559613266
358166262 560357557
357786588 561284016
357365539 561463817
355948905 562020636
355018657 562549713
354904777 562844136
354167563 565828575
353657007 566173473
352704621 567819373
352073467 569219173
352054777 569645608
351356715 570991039
350763025 571064306
350633954 571365966
349568474 571368330
347797256 572238080
347554761 572257305
343202037 572481170
342463739 573891829
342217660 575701609
339967282 577366284
338757452 577684129
338103411 578896162
337629353 579301772
337510502 579441294
335558384 579455233
334348698 581839186
334285083 582221360
332691576 583427338
331905930 584574999
331239556 584712161
330878379 585298884
329916531 586205323
327555653 588981523
326760812 589052784
326533765 589498588
326121723 589585089
325742058 589897483
321254343 592089495
321162093 594820370
319764915 595265427
318241818 596868892
318117992 597410915
318064497 597971560
317675569 600509791
317345176 605218741
316662170 605300728
315318171 606321189
314375505 606945341
314368056 607468310
314184464 607967890
311953459 608289994
310445329 610074099
310391820 610344762
309107909 611252566
308910500 612070767
307463838 613267556
306652234 615581668
305884457 627697999
305592377 628179560
305362746 629368565
303401475 630232215
303221334 633141560
302021824 634107392
301257521 636466814
301252647 637123655
299916683 637600225
299669375 637768343
299326754 638012174
296843953 638785611
296312493 639926521
295742883 640468295
295315823 641377659
293699824 641471719
292012692 641870573
290982168 642212280
290863216 642466181
290326934 644238080
289447947 647901966
287597979 648553947
285302524 650061546
283018737 651014947
282709250 651101175
282255177 652261397
282154237 654448648
281368660 654808079
278431966 655249944
277853644 656640912
277026799 657050643
276061960 657343542
275794842 657904559
275765536 659476706
275753910 660908127
274256252 662315823
273993735 662600793
272681529 663574013
272333750 663672178
271461292 664559382
271443185 666720236
269985663 667794598
269980655 667894096
269977524 668005225
269024471 669491124
268503037 671716359
268320812 674252364
267577780 675554395
266670094 677578075
265609122 678035901
264971074 678297464
262573142 679052557
260994734 682552048
259917760 684023530
258280917 684755687
258049209 684797819
257292046 687233202
257036368 687745191
255712553 688966732
254492632 689746444
254435534 689842218
253494401 691447506
253490998 694073765
251880757 694450979
250754704 695363976
250543383 695751902
250518468 697522224
249632537 698161774
248087339 700245679
247842441 700817916
246378304 702209078
244602033 703501364
243827177 704752276
243329601 706050865
243229055 706277514
242394718 706407836
241795811 706523668
241454940 707195323
241038896 707230963
240387370 707746800
239266425 708052673
239012300 708248863
238440803 708514673
235006525 709302216
229142678 712245169
228898896 712584959
228658087 715052507
228371817 715340507
227189239 715351654
224404992 720545218
223592434 720661151
223415433 721059943
223362285 722481014
219459031 722577533
219359823 722805322
217185420 722852251
216698424 723859056
215890243 727526485
212225467 727911873
211137915 728200729
207995295 729645040
207384129 731446623
206233240 732035394
205902655 732036496
204552028 733066407
204319806 734358406
202955426 735380137
201970423 738335194
201445700 738451403
201254176 740440068
196843096 740974290
196793055 741732827
195015372 742608490
194841829 743174879
191547641 744169467
189164186 744305016
188667797 744995471
188380015 745323972
188282566 746022673
187482560 747049997
187464402 748094686
187096911 751468462
186762423 752174937
186706160 754588676
186661541 755433720
186165331 756733787
185966584 757606645
185298658 759815499
185175466 760158928
181037517 763250509
180217648 764497698
179947875 765460930
179323250 767090163
179002397 768114182
178397751 768509108
177058695 769925476
175848799 772178575
171510052 773424292
171409239 773664034
171270969 774021932
170838810 774354363
170372495 774619645
170298583 774642775
168969722 774831845
168600308 775491697
167229949 776586415
166686739 778371476
165335325 779704131
163561832 780152525
163362067 780908809
162976492 783194867
162043502 785277729
161518693 786020507
161291959 790655075
160901737 791506884
160664699 795220208
160391560 795366049
159923886 796700441
158873118 800020890
157884122 800073909
152715983 800633372
151852577 800693812
151454275 802918471
150776436 807751243
149320872 808683324
148671996 808754824
147257881 808758809
146562428 808851036
145102803 810455078
143557076 811106707
142546126 813263458
142512503 814759297
142106997 815616693
141503665 818240614
140877249 819706183
140315620 820965871
139713999 821322899
139061593 822126177
136143475 822275246
135406457 822626439
135203863 824086330
135034142 824706798
134278121 825736030
133147444 825868772
131421862 826337782
129503265 827779537
128179960 830924457
128155806 831901349
127570025 834943172
127336749 835964413
126924366 836804912
126660175 838629682
126028800 841046954
125919504 841762694
125447926 842663066
125190099 844975451
124716324 846755072
124417502 847414123
123314928 848199772
121917972 848980041
119192565 849420887
118713041 849661641
118529774 851585453
118051389 852122999
117004746 852398095
116694462 853178057
115991675 853632406
115055981 857353225
114338695 857626348
114227155 858129939
113558675 858191082
111701066 858923763
111418729 859170410
108157017 859692122
107374473 859891663
105840153 860249927
105768099 860662735
105600699 861700401
105453199 861818512
104809015 863064614
104701292 865799603
103680729 866355233
102568598 866511733
101845499 867892098
100687884 869451252
100430297 869991210
99722482 870335605
99276134 870934225
97639128 872354368
97454276 872629636
97388208 872648156
97036159 874208440
96993451 875227247
96430024 878048517
94868575 878090382
92197593 879170239
92019858 879978874
89069755 881462304
87710898 882230448
87202246 882987106
86564356 884617745
86191704 884689482
82332065 884821389
81617678 886978024
81617508 887547369
79590546 887857553
78820588 888849580
78500788 889441679
77220135 892188422
77144763 892404417
76204748 893424321
75845329 894013962
72774644 894489094
71211178 894507758
70984503 894983192
69715569 899097819
66608921 899295045
65521496 899903557
65087099 902704010
65052022 905185626
64628141 907031417
63727350 907678351
63362932 907959035
63339400 909632445
63221937 909739249
63220710 910820121
63163962 911349996
62708542 911444015
62387021 911853566
61234908 912718776
60550843 914996119
60133211 915089809
58159047 917611664
57604537 918132213
57182725 918876850
56953184 919585072
54532251 919958851
53567301 922436954
53024608 922976311
52949222 923092837
52335171 925283537
52173751 925606596
51494938 926587784
50007058 926785102
49997322 932156891
49782836 932568098
49163235 934740035
46683832 935627657
46205953 935825145
45150640 936826745
44545353 937433675
41629017 937834571
39729640 939884724
39357401 940555758
37210685 941046250
37202983 942198295
37068289 943079055
36720514 943596831
36718156 943878380
35301556 944903012
34513466 945641152
34502265 947428934
33901061 947571274
33833760 948255304
33649647 950526052
31594481 953889728
28117856 955249398
25994048 955513185
25611432 956132088
24886634 956754733
21677663 957087402
21029989 958007619
20121808 958233319
19771539 958699080
19654421 959620487
18254214 960845280
13026420 961604481
12829128 962471193
12623422 963716783
12136214 963862395
11387039 967988296
10659108 969198990
10224695 972347586
9969640 973719851
9868308 973966725
9142600 974645962
8893285 975027913
8739005 977120552
8404225 978952243
8073072 981032916
8028674 981584328
7689702 986003102
6027746 989077830
5392286 991215412
5369500 991793372
3649682 993061487
3628847 994242982
3544919 995489650
2339438 995804792
2213851 996994776
206600 997230583
