995 737
199590917 969767732
88218616 699409100
80624918 673783919
212838219 915157239
962726804 414872443
194998960 162581733
965542056 68972078
96753731 813819867
2538414 335269561
236224052 846175885
528722430 91521768
138799115 935053192
996810366 39415166
810224894 308338908
712715644 73176752
593780144 912306560
42944483 681998760
464232012 123569400
208299030 677070230
38726639 23542185
91942672 86241950
186123917 910001079
155214027 135393999
576337297 157752440
470663560 812561349
3928324 999385989
756599468 995243790
786955532 605926185
34658955 597180425
914265092 599890950
670357176 360561588
364713862 565818011
895076699 828945873
689387410 103375728
358532454 580630400
126917912 302991477
519388701 165558180
65508908 674602727
300952178 641846204
684871518 771615737
306923904 541316193
623518077 916039724
536559982 410473608
374482260 423735288
860170385 141263704
876142590 383043912
501825291 93372803
948861922 249418341
922318675 490765684
205310420 133367480
71396083 184744683
436358956 443301136
350302862 501867863
117903862 651255039
143714067 655291732
422870776 303154322
196607924 46388852
71710397 585684258
309378812 446192657
9419545 22065548
587456360 738078486
405109459 89281650
831451288 353971381
191216342 606286314
844737064 396526761
739653793 768649498
581271443 176012749
64466985 931574304
677880611 34887199
582829342 674111029
690178930 858216469
829781703 886786853
757121673 901492099
324987462 66500484
347684755 186923359
88566031 935141114
925001844 346191841
876939115 756453132
700163221 68155456
215255797 397416636
317198568 954909590
18582486 898470010
130922338 83049470
830044313 661319300
117936668 265390007
187946681 808115597
123606475 17728383
547418802 733244499
771736833 872406263
652261334 119421588
59329621 593343716
907079053 836847817
939535557 636534520
445817300 492215129
557206327 661073096
889631765 874404895
615982685 760730602
625391256 599421374
843780071 307951921
113257026 814233091
573341927 153720058
474865039 549464753
23964792 22283840
135225604 795701624
747206455 787486937
767639563 659052427
380830653 527234968
348416595 172882561
16285839 794233894
665097689 573492165
455306990 407245805
300413411 923806026
167976406 925804667
375743752 864272829
86272939 489000777
678505919 659614865
642720834 5887309
61595969 666685625
28171149 196821572
314903600 627893955
984308509 82543163
139462733 217655513
609778130 487879328
390538073 626063968
134629573 55635761
52072484 589936562
315397918 205002247
366258940 483374323
130806913 742002691
200163503 69596203
83519819 878669421
729211067 726240652
884556730 643323387
245442628 765244230
840144959 560346227
245654536 676969819
495405741 237633620
747141683 105183870
725512947 137679755
583764189 860142520
45831867 488353025
302595433 213746136
693355271 668854372
697120459 676678535
263373414 897283961
746274737 346893232
628469734 328002155
73133883 365542815
971325541 171092862
983303396 663986851
583955441 81474283
193473021 79361181
319107902 940614703
37061403 44620849
930810809 473341943
757279720 829159028
961694967 912391504
42905163 655050237
433762228 592541973
184245123 697135641
342342286 930519859
44028873 970812019
258522013 969679107
188871185 82363906
140771969 24690932
746350756 577243761
106165214 939823777
656604941 425273115
880438479 546182695
322410315 663765640
19524638 79690034
492924667 981219604
844597890 388346181
488786193 278360117
980888154 673031315
975495757 323230439
456067526 872040981
146558809 714589538
841720088 187946345
796953443 835008408
212637276 395820551
264768520 318802489
335644327 921373460
744075603 68599157
320072507 66485918
732364796 339597144
998692303 77805814
173333099 843290192
466151995 514635643
974166660 299556500
40183310 802178769
622786938 496250835
674219749 621862098
63356724 368456188
809808442 860310167
55980947 22445717
108647069 320749466
341248205 444291395
94639278 85323807
365406903 414711784
4326076 97771699
606825279 3018379
28093864 780158377
698824922 346762210
147310372 525507934
646318709 187493681
327686702 121621998
683744515 854422802
743484095 747101238
75395342 553292536
459927756 131376288
428254604 568574824
304642106 769502808
12866218 399281383
707342967 230789473
666509518 564185394
181077523 273334796
419720124 209171386
906009524 118545046
555933596 53319895
496569331 54768656
240813575 824256032
176390654 924558089
531195185 919874748
524175679 606590526
325683636 984103434
737966814 753938239
552678258 42608919
375957399 418060827
294406653 83300365
648850299 960916170
500002110 829927821
86767317 919722234
891615559 992776840
890783631 300065506
898613087 387352961
354834161 139426661
64125344 531224814
916501102 595320528
451099562 293193132
54427406 776783197
277296565 792394219
383237787 682491174
687519489 759195185
100552001 834442493
695011901 601918651
647875014 195014011
284362824 734642330
114736244 28494734
579935521 858036226
328560239 331064959
97905538 683394399
323007972 162030881
214619213 92025425
609867760 518235126
385218556 664295165
147534674 662515120
309205735 530772460
197522646 996725223
289967645 150590998
683684067 984979545
752509648 331559080
32509907 889388823
918717761 999762502
917883556 351169634
857798727 246443794
682234592 955704264
929838193 5242563
970251496 996973757
97267987 580119256
515208882 482486542
96930772 662743555
997518014 406136507
46032366 195040659
255378081 336000010
345631656 939062148
173495907 950657655
123137579 58522165
840046478 41855340
58284667 610446385
393024973 768599745
856890179 75259564
576820361 639244723
933018479 547071856
488734831 30286465
979707463 3943712
365289359 76638235
519203618 215323724
482774741 565235983
410364382 738152821
753752345 608512389
529731320 927248251
559170043 652868899
985770415 251732872
694724238 896571433
862179257 940265562
665171178 571585787
868041477 94507890
63346861 801059955
641579745 552081691
683862772 473803560
408541754 901668482
550441794 780261723
116992205 885732886
198014057 379872938
476402058 951766401
988385326 6133378
731531003 400071720
659002276 569817770
651804592 206242865
466389202 366500200
146508426 984076731
790602338 867066254
78584620 853949198
520642561 572680717
258547240 57021684
46484276 519605345
958690165 449442421
299867067 75682369
335175306 497881123
308071658 811577363
302163876 296456983
670227092 33694878
696528702 181745719
603512647 200849645
387988583 922418201
419866196 387013360
906494931 210468533
106595966 837595903
916934082 627238526
410276619 27997673
684260209 309277246
547603017 642950373
758719666 847470083
571149093 93894971
197867558 879220750
757988685 500031433
28194084 280732129
386242662 577239137
462477847 989755309
778088782 850466430
764689861 50471329
89996141 523701143
260939862 196592106
361297045 30390295
823830631 624090015
58387968 360607191
933367260 605990984
3557563 692086925
305977419 427223007
638498247 503844976
158960108 249003284
856392760 39670543
529735412 242635421
616909680 992213258
84907081 247514813
695196039 849596941
297986141 637708532
225814436 558926002
834300637 587111480
589316297 510647620
63717847 647704264
871254810 997085106
106211599 727328725
541688383 412189017
7068083 32702981
916033992 18544543
281706264 624943103
58215085 663958027
867578524 675124764
508687637 805001956
922639576 56400027
507115249 220625717
694108558 732929684
632068070 380925547
172557515 73900718
891573166 236275361
721604981 615344327
233360467 827816580
195189403 775048849
92521948 54773838
807751829 8555940
73318380 941974445
486015394 131533464
605932471 206110269
806658228 114620107
11112225 729297803
23536486 518227473
802439871 717645043
103673508 434507941
98570589 276231022
508408658 842660106
512506383 82529991
310520785 745866849
762862922 505710187
373432049 855384869
560484024 33700229
716457160 633802403
975674673 202472554
765335867 434123496
408582822 424510446
401259954 272211398
6324600 424796439
790438870 808764471
142441482 894112377
95788763 93528422
22859751 604197420
936188528 535366133
539243762 99225664
133749333 302106683
604935850 507181381
10007904 17936226
393397961 726465063
504254980 221588986
928937616 122107198
655712481 190036790
546617643 909488786
462248187 552942243
186801577 105203409
361706713 181759410
851832137 457495475
275287831 874691887
914209246 63992710
410058019 453453008
163218373 543807351
608076042 620670575
903505083 618083945
638606800 296903044
344549008 142861779
518492029 126002975
117485329 26720861
168556116 664102971
936209646 630804303
217045213 123011222
588524063 431268277
157286983 440356199
888763751 432574814
167564438 655489349
349083875 577622456
108942356 512302248
973946159 569534749
132972822 877451241
187618694 624095973
26870636 384684053
619474103 397879016
510687027 736959431
424599876 679243143
253578754 213325874
162563797 470623966
188853447 751087859
901892243 346140430
43960409 643172345
631231595 211524846
151178045 980315469
641663654 112636752
345134068 615609812
682171501 330623241
345577404 869790194
954719213 224964392
106990598 426709668
622843407 617677624
16185450 47443283
149437118 269764203
113285508 164517266
592904521 154655306
915605124 347313115
500795735 812081885
990485459 132027329
23606730 141663504
964859150 517786735
106816607 309993217
133396546 788988107
640616458 331490302
511294652 447852022
556454693 618285249
727078041 31814451
88479225 743263491
79257733 237916342
865544045 45059592
402433608 458448565
199714898 170555083
805761679 553026984
982636967 648763490
537570665 858760049
642943345 502429814
229063135 749759951
664939382 214976033
391264410 158072191
546466334 902559061
605924213 955437378
520844310 185518605
987251828 609323534
928782095 919025913
699756227 646842492
964085504 102189834
105291056 16316753
125261269 763569087
569343737 960414587
264848928 106914401
671690987 760308624
461860566 900754122
362584926 126799947
115730154 753849335
137388490 514712839
656408396 743312702
470150216 29769057
928831306 309918395
491608942 710129753
228944307 191365168
209488596 45546163
146071354 167296003
61862915 123848974
930865089 483723003
84263560 48230368
443153755 755954547
808538991 757530672
509225020 23640269
736846971 624955173
777489603 874235460
139668011 286414350
470064513 462334578
316183406 251412170
772252972 807792347
961541922 853713631
851673867 23546869
899259793 997745220
190842872 813639059
121594193 121707960
149878414 58374104
22454680 445548520
666845002 683510022
203079192 176070021
707150290 939926162
653541545 484639893
666677973 645725907
771054242 136742485
108060484 939754000
388154654 732829808
600062698 202212928
439059790 451736564
225759796 190835934
301998135 416602667
4474992 276108679
390826979 6869757
186999135 265798010
452418277 853844136
949308031 508013820
29914157 656458321
300456333 535972053
993614565 967134305
181697960 617185158
103876789 142274795
556939157 344547794
727620954 9518207
399277073 166680743
461254770 625036869
357516676 615769257
894155887 214508020
891877935 137499217
73894128 78877069
403297226 526312404
785237557 352605257
34326223 667668065
861579929 187298907
203640117 855194493
154433211 237854428
324896002 110826351
380129223 881835159
307890497 107750176
891353365 707167569
126947271 205124486
184720789 336980298
820893742 78876676
551488317 565288029
216375892 625382445
496681449 619673118
4211200 134435357
824794726 891053775
802103421 686374654
78352681 5743538
394085498 85302244
96114317 718981499
196128594 476243539
453333009 504019090
436510067 197202725
63703011 415973689
254843563 248423799
752953986 75737304
327300474 156958655
493541684 396192718
782341099 842739485
15865835 639068650
977174841 693176912
530122424 779278262
232067917 460991457
637538151 626153414
546293700 733652467
197651264 742422293
62412358 503500625
98957735 351438776
700703349 162660745
767412464 955546911
411084543 520366449
883800567 590901369
677325103 229858602
987094086 312182553
72598086 855476272
951251203 902289279
548653183 333889978
534083892 780721099
794881434 24138394
259390864 193691485
757790860 309558479
936113778 672719569
813059103 887587864
24158344 366278804
50248608 791570807
174342066 313849502
164453608 58142632
904750870 694295062
140517586 744361307
6477615 65632023
599837578 810245169
967921301 1007112
996651498 354521544
634244562 644049284
378659937 893635425
837740768 136450797
55710256 626370897
661686717 868769358
513958760 685845061
235048161 416723719
329932219 409390227
583089573 346902178
320049210 340356794
41197240 313083147
84718101 900191206
378715170 537072030
562952726 199152822
538079142 559604223
553674366 24840055
56169858 932334302
918475480 893910626
921301450 974185735
520281522 435504519
695471444 886756634
121349579 930519605
155996704 303798149
192426183 739086276
650700327 364991744
79443070 544413918
678074891 16677522
444605123 56790060
553749551 7557848
108459233 91828692
419678422 514649950
116668747 475848280
299500604 887660578
222275257 73318405
714362664 742556778
508822923 262350459
481829763 482688853
45386415 637826467
786487002 237812597
376912742 289703680
602804341 308872163
834117597 133395583
325549684 131239071
42701994 879299235
991313270 151161226
823644278 263508043
665811176 792829376
739356322 965311779
533006305 961631578
38630183 99885320
556704708 399969458
362235779 38534470
882658310 407622193
528877288 521661663
645434790 905790030
811365342 100755482
67178544 497999290
234151064 392728228
481754712 276853057
272027462 473067981
280530634 95671739
736576024 946341809
741017467 328448697
764169939 274023771
142596627 655316474
373909091 551817686
55285931 736144869
442868507 790460592
143767061 971745795
312122255 641718202
730052176 976003948
594990035 797230719
326519590 829141098
189958946 808274301
958510506 314502759
133858634 239041140
262690850 870434657
37899300 3708316
51399705 654585591
130248438 46512683
162418416 504157528
598330368 70220698
92818748 41198875
860681289 89102161
12944669 25319895
583336714 595513196
1323843 178326749
392743914 327843432
859984198 435219212
136117732 818494704
749721970 122492717
910052195 12412819
992927373 947951494
16121134 896843430
455053436 146369572
943356112 617471851
503043451 541686480
687692548 448378551
435401706 548373837
537480711 300862726
573693731 120817424
896375921 427533925
151660524 141636186
755377356 11644722
576855397 744011440
682655777 326577367
866504156 445224323
191506537 711947881
245692168 60144023
461307662 700745604
59029946 404663773
318217454 562073396
798866604 5910002
10451946 234268309
406800190 400449008
535131034 833010272
373782784 284023306
260544197 377959659
425659492 868437904
242120732 2514888
464965695 924776508
181608606 183986203
222517182 373115143
895934083 468209350
433259165 209758096
168954953 492289110
614421868 339688758
54362505 265804824
198115111 917330803
500073132 604915300
170296162 887720518
290441924 396595297
171743823 550986120
774554956 597403314
271940375 16675687
452434554 736906070
793968547 634043159
920892272 16485728
7158301 669342706
484695077 440417465
879100801 506166381
932706574 346039020
845855139 839585431
611843843 43970249
609432585 111916975
501401901 632245098
852153844 791843824
28840395 23897666
195346295 803395350
473817332 467286669
672587388 926251885
204192738 466555934
412811395 125085009
335558014 419969696
646944066 820253090
712903512 526044866
178935823 498126438
872083886 24790961
190228220 336444080
68761209 799660804
300877406 422679461
284422253 153031249
214523284 313262647
29445267 409869578
969174348 355778950
877156247 641761736
134547186 933865336
960834021 547358580
911466697 296392034
967328275 558410762
969161476 532748139
936971980 148097298
30874576 661572217
25404610 221102795
998016296 94165818
873279950 298893702
369361631 157702202
304441302 583884914
323481201 333886568
846270844 292655548
689665517 575943442
786933635 824212702
509808777 747767656
224087634 273791825
896676041 43932260
832202587 865837516
576680398 621690918
866451165 607554973
283263134 891855774
681174119 133795781
838537944 554454068
432689482 207899574
564672622 737130784
644300839 888153822
923533703 490571682
33325721 465715572
66515123 820259356
142444625 428840252
420543363 366532258
702632076 317219403
410464518 387351014
35573271 987144915
9041931 902024435
447216240 144821416
646396561 128390358
278617197 484934504
535360778 563823030
545350429 100033399
153470165 189651267
988187220 77003868
532739301 21512940
542719439 451770775
694288647 685164063
880611026 114832009
51696321 435759454
284567764 314677190
675626819 320141034
301822104 537185102
74681820 749038343
682006517 721078380
729945053 813140065
58529235 265305830
376963095 603879663
217855580 530433259
646047282 58559151
459953478 178786582
80072090 2672916
630557356 626877089
540353331 363684734
741709097 444566003
651960539 26276860
759243192 327587357
198934245 913581647
864772458 126132417
515136342 399295327
847210796 245081394
64951743 758256383
362903575 441914837
214652397 580759154
824864448 860699678
639318304 284817925
39486259 571906745
140007193 522559967
198783833 532876875
738761052 793009282
977442877 390721590
671802493 589202420
570825298 870736738
355300418 288114108
996869154 870436759
687409434 696596301
115518152 752361176
307369035 330938078
46792365 522021432
911697231 871656812
382721109 551015534
8991088 274723720
122922279 1514632
649800038 174222463
534391506 388561089
967231744 364350734
631799030 491550589
953553153 202624327
214803678 161369923
490738434 64189183
31806681 30664219
760785483 999841185
635541747 68154518
330779262 682334111
442692301 94992845
406507274 825413409
646008378 268014713
952653480 621447008
269529345 602453517
648185823 803920850
843530957 467933918
168271584 475329986
959484506 974341088
530470665 174288183
135711010 21209098
238477365 20034043
904389669 851779200
19875227 539931415
772450069 203170840
74781877 215142369
298163684 333805502
893072129 944172062
601820214 845725609
418135421 871349558
300695477 66321243
675270408 144226434
386771513 696058343
472072771 346256018
670399430 2543435
373060553 658626792
876268885 611537917
678660834 633174905
315833468 698536060
25622671 88283536
901706899 100404547
155942256 52386935
434210048 49014385
996558996 36030261
747256345 267210768
759896171 47951821
186048363 287682930
44694606 572819875
983741272 369283729
771592244 506657053
224343515 144652796
165283844 953128751
608707065 843944677
586303655 924540532
394997088 611926325
12824068 149220339
564847223 21282675
201607273 999057270
70297059 50682620
887603883 817553403
170409739 500016405
718021576 356458101
787699334 615232533
781794327 771440605
837032613 553386571
130614009 61376128
550555718 295897853
867021230 159262782
992358881 305841237
83803314 239872321
917767561 949143733
389092659 335131136
970426407 443216283
186704757 893239818
493898902 74308639
563309572 664308640
426841395 133847499
873283093 214540728
749080032 655077419
838497684 438628996
60980341 969111693
352521475 611536059
117525897 219542705
623315192 109884777
525383941 559634857
349757097 295667853
361294941 591366107
630798988 184237700
34582389 817503745
77477517 380997642
744328735 640787088
45306282 23686482
774634587 771105726
238227209 376230970
278699496 76724893
814859965 339679837
898352937 19897792
803732247 15878833
239440496 427047438
125763609 617340788
986682295 328037058
913008640 200493587
919403164 396323980
384731286 806501905
66344076 462208802
187499546 663189162
955512242 85322179
686875643 582663180
856427904 925102852
958894149 135127400
854344096 626270465
