1000 190
999671813 1528046
998088964 2985915
997055457 3952311
996796495 6160793
993003671 6690712
992692333 8276738
991529316 8468346
988768269 8830871
985082073 9389811
984249061 9487323
982373701 9890507
982268701 11028519
979988799 11256389
979744838 11847672
978868417 11903248
978652554 11916143
977553087 12035649
976255456 12205291
976083856 12654136
974621795 12681101
974092860 12957594
973240227 13346988
972416319 14067428
970992831 14197304
970805006 14981646
969913498 15328299
969133566 15720873
967873939 16175945
966926190 17061724
966634517 17556897
965785151 17841383
965150140 17880897
965017441 18083385
964092335 18451175
963902315 19494666
961518954 19775584
960610486 20448860
959422132 22150302
957761405 22437581
956622927 22541602
954042533 23213978
953479320 24927162
953257100 25257186
950646498 25469628
949389698 25749431
949100249 27580894
947737135 28600589
947411526 28766283
946899375 29265691
945523567 31470771
945032461 32059833
944782525 32616340
942898729 32759674
942387701 33745895
936968068 35369231
933550722 35928127
933380097 36422792
929580485 37690634
927735768 38555253
927216492 40213261
926027204 40837012
925029849 41058009
924351868 42143662
922020523 43547906
920158046 45891028
920110845 46325090
920103896 46626595
919801486 46828903
918439353 47839538
918240939 47845456
917046984 48398669
916672607 48583495
912160104 49980946
911831850 51064729
911286377 51155734
910782539 51618308
910342531 51680692
909625684 52102833
908966873 52205375
907412140 52622120
907378907 52760547
907135225 52804161
904807066 52832274
903749009 53146726
903420460 53874405
903231960 54402796
902054657 55260471
901892461 56083777
901353473 56534589
901062552 60264758
899927600 60878366
899853303 60901210
899669248 61226223
896934346 62250508
896430489 63518873
895884708 63519134
893634622 63577471
891103661 63711087
890327479 64068451
888901711 64253338
888571126 65104693
888369243 65290331
887772335 65537815
887701112 65542867
886747631 65970289
885450361 67748156
885167600 68439939
882369603 69998840
880500531 71209855
880274998 72009070
880045417 72566025
879429911 72712046
875520123 73388671
874616189 75454553
873168514 76176011
873141453 76759685
872638037 76773258
869363558 76791049
866867851 76952266
865516828 77819474
865245382 79242768
862921586 79870074
862579202 80417429
862177019 80499406
861922679 81962719
860801271 82025287
860666864 83255733
858220819 83680480
853032799 84253398
852948521 85093258
851380065 85682651
850107046 88958491
847518719 90905138
847487849 91130905
846093880 91195861
845563978 91284114
843388991 93177481
843323566 93383399
840181713 93685267
839520284 94317514
839193198 94617307
839157082 95786163
838491151 97686264
836615951 98850532
836447806 99554785
836181839 99665753
835818971 99782322
832412177 99835840
832358922 99939378
829318200 102343019
829272016 103869254
826942415 104076802
817992945 104150894
817118581 104431548
815672936 104442385
814308511 105440792
813521382 105620554
812164577 105882880
806941253 106214195
804812154 107089936
803341229 107626001
803098113 108538222
802208270 109114500
802197030 109392041
801867612 111057344
800827805 111788051
799953522 112698592
799369528 113863294
798748775 116170056
796175955 116808153
796029178 116904273
793502860 116923233
792335378 117185933
792309368 117451068
791593448 117525035
791026021 117607623
790728169 117938250
788598474 118421918
788432900 119927386
788318228 121054837
783895836 121100545
781909324 122001462
779752658 122183088
779225125 122516734
776768918 122637564
776584092 123111464
775208060 123666503
772677647 123996107
772322854 125843891
772298649 126079978
771802422 126740264
769927264 126797540
769695309 127287451
768898261 127671343
766443716 128386461
765646322 129230678
765462614 129296236
765361734 129759639
762589783 130765267
761436243 131065956
760581244 131098642
760446599 131409309
759947059 131613962
759879830 131829059
759106577 132591555
757907523 132704109
757390589 133070231
757253708 133078549
756445131 133294234
756240289 133409746
754436481 133528377
750807877 134401201
749898223 136795944
748679649 138446044
747246495 138829823
745020913 139511998
744858488 141017729
744828345 141609072
743510359 141884372
742578039 141976964
741848783 142522668
741332133 143656595
741067114 143806142
739531443 144800400
739351700 145134796
739182615 145305895
738841227 146431872
738318181 146737419
737264132 146785707
736589299 147198101
735316871 150391020
734743266 151791592
734188020 156998479
732475419 157954571
732141338 158753830
731784995 159560811
730406395 161355320
728503487 161999464
725811298 163300546
725530855 165015285
722638576 167238552
720100120 167940473
719497737 168174129
719339964 168517951
717316075 169568988
717310175 170629974
716779269 172419417
715868501 174300826
715407910 176417212
715094163 179124931
714845959 179147156
713755394 179265664
713055369 181072332
713017598 181327190
712161625 181864400
712048610 182157512
711137706 185593978
707271761 186229005
705930103 188182483
704118836 188460088
703679811 190420657
703634266 190571791
702619805 190674603
701901386 190940678
699792953 191212714
699153230 192479256
698838894 192739014
698306239 192861879
698297059 193975075
697761068 197988390
697171533 198013327
692762901 199628819
691736290 200278629
690005818 202922604
688953722 204090362
687616253 204098536
686649619 204670562
686422612 205006145
686064969 205843635
683028084 210177162
682237847 212063570
680083196 212669804
679331458 212985334
678486034 215056311
676468380 215304000
674038205 215610382
673672345 216533066
672167915 220019221
671368140 220060336
670752602 223179245
670259148 226674196
669652225 231476571
669218344 232321377
669212534 233484065
667701312 233801285
667418397 235655388
664038169 235949804
663819808 237897894
661724043 238490310
661258087 238747712
658749105 238771106
655510457 240623425
654772634 241256695
654016687 241282860
646892329 242856453
646044386 243342638
645735394 243562229
644536517 244216137
643832250 244942418
643396374 247656822
643361850 247800977
641979233 251593294
641423245 252579721
640157135 253991543
639850984 255206747
639800521 256140805
639114047 258026342
637960051 258586244
636203955 259007337
635469403 259771804
635459496 259778934
635378441 260090844
635042489 263516752
633731747 264119177
631767451 264207059
631716147 264306924
630909678 264745543
629605334 265345563
629451451 265941156
629207284 267858021
628678194 269613722
627500302 270120080
627493463 270655085
627043081 271060968
624700402 271609584
620724865 273537929
617462159 273880376
615312629 275605155
613785589 276118493
612069453 279221906
611543033 279273763
608955101 279471454
607480175 281065864
603732362 281791689
603417206 282174500
601932811 283627142
600378320 284403451
599371660 285365282
598941654 288425649
598589294 288500997
598235857 288659013
598154083 289530813
597812809 290333977
594283537 292069546
593664590 292864665
591211454 293109570
590312948 294258104
588787031 294882418
585329588 295167536
585213731 296169388
583859139 296855480
582835492 299275369
578278150 300147737
578119224 301203311
577050437 302185673
576353232 303630570
575695003 303737256
574114947 303777753
571917768 304068000
571641384 304163999
570996516 304209419
568386657 306563475
568327071 308520015
567635965 308983220
567403784 309852666
565032423 310553195
563837974 312174886
562808992 315563993
562316095 316192579
562059645 316518550
560304905 316839709
554193033 317017705
554070984 317305575
553895832 317874855
553737871 319748418
553574956 319888270
553468018 320468232
553120266 322250535
551747054 322643809
551432545 322884844
550975714 323187099
548196015 323483961
545124688 324213663
543494924 324779512
539547832 326076653
539281351 326271977
538658167 327676098
534815839 330943391
533147067 331026177
531922767 331357798
531758972 332189385
530986003 334199569
530315599 335283271
526825648 335489717
526101091 338005105
525826740 338885167
525257003 341829188
523214395 343155948
522005019 343483672
519216393 343777639
518599804 343778837
517959736 347013173
517922835 348659213
517899340 350803883
517202361 351544065
517047050 353795600
516888014 354119362
514719678 354624897
511395894 354756514
511117177 355512432
510506380 355752152
510199882 357940337
509659871 359175686
508361656 359531220
508093621 360752946
507729106 360768071
505459062 363257540
504121909 363402591
502148472 363460086
499287433 365632595
498040889 367051691
497605115 368190115
497411255 369234977
496466811 369903382
495499764 370004377
493017549 370082317
492725316 370959237
492129517 372512973
491826804 373890469
491783822 374433679
490564543 375079299
490283857 378669789
485983820 382346763
485279483 382549354
485012700 384163317
484016242 384198604
483326500 385261560
481867928 385953074
481147337 386193817
480483756 388004373
479062638 388139940
478743702 389121131
477300471 390631265
477177616 391270345
475804590 392216069
474476189 395446230
474113903 395980232
474047799 396085229
474007773 396831988
473733703 401630458
473232500 401718411
472988518 401820021
472807994 403982926
472660205 404145486
471660786 405869362
471155386 406854659
469554457 407116881
462845581 408886555
462365038 409081956
462311917 410403691
460842289 410617690
460825332 413519772
460057067 415652727
459438397 416785430
456921493 417320275
452310691 418094379
452064008 418775364
451884963 419435780
449043833 419573512
448254790 420134717
448243937 421680222
447641841 421947133
447510937 425692503
446800294 427085776
444814681 427564203
441581713 427789478
441266301 430675267
439058340 430747892
438446830 433069714
438304949 434527770
436855637 434919092
436730790 435229730
435991845 436348556
435344057 436936877
435053838 437240587
433394676 437251820
433050317 438634179
431157952 441087385
430200316 441165369
428217633 445117784
428152291 446535744
427783359 448807083
427759090 448992653
427418831 450605620
421880804 451215125
421850870 452436738
421372710 453472209
420601025 457435918
420014365 457652372
419658575 457970452
418774502 458382806
416887458 459174218
415125775 459779711
413044700 460030925
413036956 461065255
412951562 461535317
412312147 461857678
412139661 463103168
411272812 463324533
410856595 464217426
410444277 465418734
409539957 466805293
408527867 467283013
408237836 470392787
407936707 471583814
407879730 472041004
407871738 472067185
407870664 472071936
407832388 473078975
407191157 473627231
406960788 474539009
405799126 475434549
405751819 475682736
405072564 476309466
402390357 476334614
402352729 477398945
402136101 477745326
400444031 480587125
399940331 481318137
399554514 481743918
396951567 482771308
393119904 483331435
392786857 483984328
392071107 484930069
391818515 488637649
390066399 491132408
389114461 494089795
388450254 494469182
388181371 495671244
385428716 496286244
385407469 496301519
384835797 497193814
384113020 498856511
383627852 499432094
382875442 501163685
382132925 501791008
381419599 503866358
380724083 503931017
380581180 504809840
379867794 506105510
379395079 507663780
377710053 510554051
377162803 510657742
376417390 511639809
375477409 512117533
373740473 514165697
372001399 514421823
369257256 514595618
369034484 517799060
368723924 520237292
367806344 520948911
365657149 521226378
364951623 521805728
363644300 523843346
362306894 531103117
361449817 532042768
360228392 534799618
359327955 535947529
359261670 537217028
359076036 543337219
359045342 543339377
358743103 543467183
357004640 548318730
356616287 549949232
354844041 551611371
352776101 552209560
352093852 552221213
352013055 552237860
351772022 553260977
350235413 554539856
349849835 557637170
349136089 558794242
348764116 559606495
348097372 559721445
344998254 564774453
342063023 564841063
341597873 565390492
340790035 565752632
339738948 566563580
339604647 567729775
339421838 570332195
335121274 570441818
335109851 570647866
334664850 570878933
331580573 572062663
331465809 574518876
331096057 575289325
330684302 576368174
329325186 576552344
326104002 580226615
323680973 580519938
322849824 582047227
322671793 582460560
321905786 583305439
320951327 583956779
320557516 584737323
320308465 585891175
320296527 587185537
320174687 587558508
318799480 588021290
318612021 591460894
314384043 594091292
312902494 594843527
312186726 595842601
311207586 599468122
310339080 611448999
309279851 611600914
308185091 612680654
307829160 612937108
306256242 613237584
305731955 617225662
305344673 618933601
304134622 619459280
303323772 620115045
300657658 622119864
300089580 622142936
298624988 624404650
297795648 625805461
296439099 625902116
295870004 627815594
294659947 628224694
294428707 628441286
293183849 630170596
292749695 630570182
292392423 632810392
291329788 632871149
290016916 633147484
289868417 633299736
286608943 636806978
285271695 636944182
283169001 637570238
280403283 638303115
280233898 638589751
280095048 639602203
280073841 640421277
278966328 644133799
278084407 646157250
278036921 648459909
277214150 648944453
276626441 653247822
276247274 653850440
275894687 655841734
275686907 659146299
275625733 662396568
275165141 662962007
274264311 663327875
272538260 664435036
272241321 664883795
270474304 665160961
269504334 665388310
269371883 666255401
268824842 667258401
267575514 668368990
267555880 668634554
266461296 668887230
265951363 669314249
265701862 669585988
265634131 669965871
265616118 672247367
265129765 672564619
264452584 673030292
264179797 673251245
262855330 673581591
259857308 674829506
259156864 676874492
258180321 677215449
257750154 679250723
254731164 679540545
251556894 680035903
250821808 680357046
250050130 680709802
248241166 682305689
247557174 683387449
245792688 684614143
243960613 685886540
243431375 686138390
242110473 687258142
241092058 687701405
240805741 687853934
240394551 689538354
239799463 689955919
238229156 693907184
238026885 694244654
231709413 696445097
231397118 696698592
231364368 697231485
231198674 698021978
228324023 698092024
227775833 698307540
227623201 700144636
226983989 700499512
226876074 702296239
223125369 702741467
222677950 704740860
220946541 705757611
220609547 706175986
219785701 707100279
219491602 708023410
219001338 711004760
218927319 711462002
217587897 712094424
216808237 712735789
215983486 713066601
215699080 713798528
213318703 714199635
212024487 716145028
210827642 716453464
210329488 717916970
209830651 719537616
209818558 722605979
206629420 723017471
206605352 723308143
205688051 723323317
204999749 725722337
204503137 727213030
201772537 727307177
201353284 727553082
200344826 727719682
200159100 728185424
199783812 728398168
197974621 729524977
197598330 731210706
196525691 731476262
196196665 731896084
195360867 733072869
195081300 733827767
194986536 737933281
193169393 738313929
192537647 738447843
191493904 738516188
191301221 739343803
191208404 739602298
191146511 739752419
190921627 740914652
188875621 742249237
188178254 743553836
186908480 743835110
186417260 744035849
184713480 745442285
184085188 747860646
182485945 751513308
180865682 752074386
180711527 752128981
180252812 753190182
179501667 754113749
179222077 755046377
176186203 757135728
175817762 757581065
175318181 757585486
174478174 759188502
174385707 761877954
172939614 762541019
172585809 762911051
171890772 764338387
171778504 764938636
169493907 765038708
169288766 765360252
168979635 767526342
166413505 768145863
166253447 770038695
165099446 770240222
164704616 770428071
163546927 770709212
161409821 775267531
160567561 779062572
159378006 780353593
159114218 780877957
157560710 781091219
156239978 784712563
155673752 785135307
155383288 786767993
153984276 788946130
153127994 789066318
152403756 791296687
150227020 791481660
149033517 792510377
148791103 792891012
147907800 794251910
147745390 795223827
147655598 795639488
146723813 796256513
146063951 796319046
145499525 797648728
145089010 801192985
144730477 802076431
144611400 802608454
143957639 803518938
143268330 803598606
142912207 804509851
142390390 804646480
140529883 804821189
140166253 806329250
139138221 807312182
137865420 809437683
137733217 809901131
137620232 812981712
137612547 814546849
137085154 815176574
136685149 815947718
135899355 816840368
135798173 818143487
135666324 818165540
134875994 818453418
133916816 824162220
133788145 824317511
133704598 827762955
133629564 828024054
132357969 828047136
130531922 828438911
129766417 833151726
129752529 834067285
128877805 834512777
128702645 835038544
128626521 835358594
128249567 836288319
128124238 837100136
127623860 837422353
126264734 837435014
125788285 838179191
123584848 838212356
122674613 839644089
121475715 840133337
120790859 841676638
120477999 842684567
120171847 847554342
119954316 848131505
118839227 848800151
118639210 850346459
117470583 850688760
116624130 851942276
116174529 853518462
115860361 854003026
115714137 854090715
115569357 854210857
115401661 854430835
115242765 855392423
113696191 856394325
113682168 856422608
113426759 856961611
112840663 857927987
112445178 859705563
112116207 859826139
111766840 861471861
111226098 862937661
110630515 863147105
109955212 864586747
109554643 865287046
109302607 865805475
109064738 866294851
108423769 870263465
105356138 870653913
105191384 870727601
103164030 873591449
101656245 875298189
100988422 875593945
99609414 875905118
99458869 876765667
98557605 878046706
98453005 879072177
97992173 879181606
96533964 880067811
96114351 880442393
95613165 884521231
95540689 885092645
94939384 885315347
92285155 885831071
91503735 886901298
90283875 887987259
90070662 888661239
88462926 889056127
86430823 891573454
86029399 893409018
84824409 893501089
84808464 894257938
84483167 895110814
84230667 895325765
83165693 898835666
83063629 899335285
82718026 900658918
82447217 901202686
81753307 902236715
79468457 903111529
77792592 903901607
77532310 904042868
76607853 904432719
73957330 904786076
73890913 904799249
72790833 906459790
617 359
215 883
343 734
501 240
205 951
873 109
789 62
809 396
339 673
289 713
155 12
989 253
491 314
153 54
180 251
969 149
961 536
383 303
269 883
894 825
834 766
934 974
180 94
369 518
766 9
583 921
372 923
525 862
236 677
915 767
279 236
915 239
123 298
542 743
180 435
568 365
553 853
691 84
946 59
953 712
420 887
984 791
809 508
5 44
537 919
811 815
506 77
54 980
374 947
75 906
733 642
622 637
846 312
720 791
723 673
854 142
559 189
932 720
697 936
115 585
207 925
399 64
354 804
396 727
750 470
984 835
463 606
471 308
269 543
450 343
215 304
484 125
492 768
844 540
55 311
124 613
587 875
29 940
678 776
19 780
245 2
966 59
959 436
718 580
978 167
922 544
822 758
21 314
877 216
205 283
526 681
248 113
