927 502
999666541 581848
997775058 635472
994994632 1310048
992900261 1655124
992274178 1788373
990938663 2499497
990181434 3193470
989527258 4735931
989268580 7347448
987861211 7596173
987314208 7761090
987265036 8147816
983593481 8337055
982417226 9037069
981932538 10577272
979176038 12403621
979107137 13708787
977268061 14352982
976434723 19322370
975809997 19977006
975758527 20817375
975340886 21509866
972544672 22111336
970984890 22781963
970863848 23892769
969938847 25914970
967385022 30650713
967350436 30668499
967258926 31631286
967104175 32033668
963479068 32061800
961779457 32079485
960926935 32476497
960288789 33259828
958381954 33303679
958352871 35563177
958155150 35573421
956436936 35611159
956091707 37435116
956079386 38273660
952505852 38467757
952333318 38899850
947405554 39584246
946958188 39761784
946801458 39914987
945825744 40056006
944821061 40357640
943625761 40530215
942566031 40605970
942505301 41055671
941431181 41812562
940053307 42540529
938340644 42987695
936192312 43106577
935495088 44488818
935343074 45609113
935281637 46625233
934563777 47227868
932446182 47479125
930804813 47945854
930233142 50345082
930156122 51408258
929087676 51902450
928855360 51921145
928470397 53524802
928417053 54080821
928010368 55621143
925639378 55842462
924432257 58412176
923802559 58519026
923662687 58627533
919329190 58732477
916439829 61087633
916346651 61189850
914744988 61914553
913532254 63026335
912524110 63329498
911790615 64134710
910955487 64471898
910710438 67069801
910635784 67334916
908627872 67769463
908304814 67854831
906814151 67899098
906803560 68584816
906196190 70560094
904442085 70839054
903843300 70842192
903588046 72077589
902830468 72106976
897633830 72117637
896670958 72520952
896572609 73092566
893931698 73172904
893595056 73291969
893144938 73430307
892934970 73630151
892545261 73964369
891719437 76567407
890942388 76747536
889708757 77290965
889512185 77519132
885030391 78016012
883999599 78815745
883204945 79190320
883163784 79998718
882966190 81311423
882817026 82165802
881051155 83357250
880220706 84929604
877746317 85657876
876052590 86515884
874165195 87723976
870631826 87724647
867898244 88124648
867559160 88717455
866843425 89737251
865347360 90799651
864913874 90934089
864286937 91133523
864126453 91257852
862855369 91668848
862779195 92934235
861351069 93804972
860266092 93861851
859473534 93887295
854664904 94525966
852803388 94574922
852228179 94623186
851280460 95069407
851220529 96173569
850321292 96608059
850025862 97499465
846042112 97721719
845995557 97835214
842158521 97998404
841547482 99438906
839932844 99971729
837550016 101275332
836988058 101721950
835359619 101847105
834891172 104351199
834678075 104361279
833631222 105083291
833199887 105231224
832801422 105565747
829241633 106916433
829226164 107003550
829218234 107611635
829070648 107890185
824523625 107979050
823587634 108050717
822739275 108231489
821439553 108277392
820186467 110071453
820061558 110547237
819773276 111416673
819085290 111947237
818490217 113139053
818357652 114895645
817363406 114904421
817156017 115349872
815770771 117601947
815078660 118234291
814569892 119070570
814216468 119073733
813380524 120138280
812909440 120189343
811606602 120367112
811546891 121069636
810131684 122043104
809592333 122076428
808398451 122085145
808040220 124461418
807733041 125188432
806996607 125329360
805161238 125490534
805000990 129514507
802777998 131081032
802042621 131197896
800294393 131258997
800255622 131480029
800252234 132562840
799940183 132665971
799643767 133221334
799324108 134549654
795581260 135138337
794955070 135410828
792560741 135430532
792272015 135707103
791214339 136459676
790526357 142661179
789790772 143622603
788406310 144812774
787435437 145000191
784718052 145509912
782688246 147288093
781131509 147725964
779754639 149178667
778925504 149282461
776714958 150669601
775438708 153733693
774531606 154057583
774115552 155856595
773713561 157584423
773661512 158730958
771813156 158928526
771459589 159090482
769602490 161807362
768708523 162704273
767487624 162870859
766902153 165185601
766815406 165323460
765726781 165952279
760316020 167745481
758780791 168136631
758473757 170687180
758175267 172707086
757646821 172841242
757627147 173210667
756505793 174486203
754705968 175317865
754654557 177616252
753362587 178749694
752615396 179065975
752199468 179226120
751649471 179873458
750672658 180261984
749611459 181867128
748671544 184172800
748460447 184892921
745886164 185192534
744903197 185707288
741030280 187225700
736603472 187656036
736052569 188839354
732080579 190496276
731208732 190497019
729777487 192703928
725716235 195797544
725525174 197618107
724663986 198669528
724522081 199822739
724150787 200565824
723405175 201620127
723262040 201622497
721767827 203150913
720909900 203865090
720341110 205416567
719888900 208138011
719560692 208532448
718457450 209603210
717592983 210556587
715364745 211098312
714648539 211282906
714392749 219097168
713791364 220452903
713220236 220547491
712111691 221288603
711420072 223429630
711009062 223747004
709327344 224035215
708014725 226035151
707786639 228228475
707057487 228632526
706377485 229702639
704415481 230243552
703848979 232025189
703551711 232449578
703101592 234392331
701625486 234468496
701284398 234816427
700481879 236445404
699430667 238526542
698434476 239316206
697756307 239875697
695799904 240249715
695526156 243752044
695164100 244115667
693750158 248929661
691669281 251790206
689201569 255362469
688241871 256668256
687746152 257087856
686342614 258267370
685648552 258427323
682693173 258629318
680217387 260816005
679923536 262786867
679336581 264657137
678701758 265871812
678521435 267172630
671057102 268002933
670748773 268158530
669644242 268407965
669520339 269712497
665657630 271034015
665138288 271056753
664933913 271917237
664273439 273057913
664100028 273473205
663721939 274329901
663610905 274423840
663609677 278334469
663264905 280050145
663184890 281321480
662589060 281795955
661506941 281995681
660091336 282503919
659278191 282747733
657407837 283277588
656236427 284775734
654513639 287600401
653645097 288191618
652098649 288862452
646528737 290217994
644001973 291369793
643561610 292812357
643057323 293942719
642453769 294336600
642057108 296355088
642036694 297331254
640279155 298031623
637283281 298400052
634976580 300110073
633532447 302649463
632768283 303247159
632606586 304375469
628269547 305882212
627098180 306835659
625813457 306848696
625618696 307147585
623204907 308844826
623131750 310361307
621447378 311728787
617988449 311958178
617666305 312938422
617185804 313610209
616556745 317016287
616016832 318173107
615166722 318590727
611685359 319069841
610836194 319072283
610398109 319524496
609278442 320847096
606971017 323330149
606850679 324825089
606013391 326254805
604562899 329636720
603405943 329806897
602963662 330195483
599949747 330477361
598778652 330548552
596802390 331606022
596144694 331666732
595273069 334559182
595215174 338088009
595060767 339152247
593264227 339501051
590106297 339509536
588861258 339601050
585719849 341426370
579368258 341701247
578812921 343074393
575629696 344669995
572231914 346199566
570395881 346609553
568850967 346966611
568312440 347089284
567793651 347541680
567643507 347738427
566580107 348583310
564611164 349863973
562998129 351793971
561680895 356352311
561504156 356467950
559912262 359024748
559896302 361468153
559529425 361743353
559395605 361932822
559190724 362101388
558390780 363004115
557540897 363861904
556695446 367228471
556144124 367841546
555292422 370187579
554650615 371492530
554527727 371623078
553567432 376310906
551674239 376980402
551502642 377283478
549100189 378174101
547944655 379016131
547891260 380398813
547533914 380460343
546102648 381696780
545179639 382211132
543553334 383466536
543421569 383786616
543357578 386291995
543186657 388322763
539981823 388471493
538775798 388753093
538649766 389571925
536778846 390369232
536359549 391669743
535587026 393120185
535193256 395665298
534405174 397177183
533194527 398086472
532678517 401441163
532316841 403875386
528212846 405893372
528168064 408357407
526831261 408661766
524580151 410012058
524219545 412362499
522311836 412372200
520861347 415246805
520758622 417609844
519635575 417974369
516232926 418033492
515828875 419421839
515356036 421296414
514033342 421322151
513601612 422033503
512145667 422245923
508540542 422803154
508345164 424211239
507896187 424840563
506516788 425053410
504790304 425102198
503173383 425447104
501707245 425914078
498730591 426548287
497462761 427961242
497020888 428107435
497013615 429171492
496054134 429408517
495583456 429426215
495572663 430080818
495063800 433913835
492543560 434979058
491990189 436952633
491958088 437233976
490486553 438472030
488643549 439202135
487553020 439545151
485520908 440011454
484681769 440881375
483976624 441081320
482104607 442142914
479340652 442570874
479289625 443524764
479180466 443767232
478982580 444271164
477013463 446246521
475296286 446830987
473828821 447655510
472878361 448805261
472649119 449633455
471702182 451443019
470668454 452415687
470073703 452990534
469441891 453449406
469090156 456379676
468967687 457802202
468822207 459426060
466409575 460239413
464889238 462368681
464641792 463018429
463484281 465061992
461933150 465171151
460489348 465569458
460059130 466516645
458702488 467641806
458396965 467910942
458121320 468850852
456425697 470592257
453958984 472582516
452228859 475038619
452210124 475097849
445384024 478407938
444830149 479950783
443790372 481249962
443462818 485950361
443264344 486669840
441495823 487699411
438500229 489123474
438221556 491535203
438010428 492750667
436985789 493150795
436703862 495609011
436423491 498951513
435979318 498982731
432697492 500403784
431901107 503323415
431682122 504885905
431039865 504902866
426986975 505089322
426974912 505653286
426598428 505922142
425113666 506422432
423438625 506644819
421715392 507664700
421618031 508793948
420606547 509577377
419353914 511008058
418008586 511176663
415195163 513017235
414669753 514968588
414495170 516588776
412431766 518724279
412194830 519545100
411923366 520354778
411225706 521266131
410789109 522315489
409855329 523175440
409565353 524391172
409216436 525836601
408940301 527485242
407801112 528769838
407572884 530219949
406794974 530768889
405579903 531434058
403302430 531708396
401119781 534085819
399800142 535262432
399306248 538553507
397756487 543112461
397263189 544358299
395397408 545887453
392851668 545994126
391367311 546888046
391234670 547224216
389135864 548408732
388957800 553351202
387253590 556772914
386600554 560257529
385437393 560417633
384564042 560493872
382851550 562875728
380707502 563281622
380342945 563967716
379680784 564183404
379334854 566194396
378882341 567207118
378209831 567385011
377573325 567653770
377192960 567982364
374211869 568442596
373546186 569611090
370685271 570930812
368789753 572147743
365066905 573317005
364317756 576961141
364265903 577198916
363376911 578499435
362164677 578720689
360674083 578802527
358666023 578808230
358522616 579932746
356912047 581545154
356910995 581709620
356742667 581889417
354695718 582418251
353927536 583277049
352975343 583481066
352225204 586638028
351839559 587211264
351679222 590618968
350123861 590923521
349823354 591195553
349755433 594068719
349422351 594094464
347269763 594225963
346599435 594432980
346548271 595003449
344621290 595191373
341967301 596183656
341685689 599371319
340265691 599875704
340166079 601790959
340108273 601940880
339743366 604399375
338421469 605439561
335629706 606669490
334966632 607514959
334905888 607916981
331019657 608967884
329496577 609347212
328850790 614552665
328527248 616532111
328184034 617749781
326422864 617800991
326099013 617866392
325064773 619340572
324556572 619459685
322604010 620864658
322409299 621065345
322000242 623395170
318573040 624576274
316031013 627681028
315541054 627726961
314438143 627753715
313336611 629376258
310500203 631777473
309561728 631845888
309171503 632293905
307018470 632723330
306237026 632991607
304123918 633151983
301422012 633260439
300952679 634098415
300365005 635213219
299788566 636162138
298909661 636358313
298115295 638241883
295596823 638254185
294583268 638699495
292498643 641284722
292300733 641297912
290643205 642036838
288792521 642102917
284917210 642993286
283434900 644507769
281953923 646244676
280810642 646695253
279788296 648069616
279136846 648300698
276912098 649591858
276495303 651444871
274815253 652061468
271929714 653199517
270727373 656925729
270721038 658531055
270347968 662080524
269822525 663764578
269498774 664556446
267861905 665033320
264835260 665295329
262903790 667573461
262173679 668243076
262122637 668282265
261453808 669602448
260802154 670648014
260061116 671397571
259627383 673214054
258785603 674468930
257917725 675397903
257756168 676652320
255729976 680756865
253891004 683582446
253397627 684060282
252581792 685324783
252383031 691564965
251941433 692789322
249628626 693786592
248883632 695236040
248003467 696517381
247069866 696761475
246233863 698233051
242252454 701575895
240922404 704846138
240178132 708860097
239953006 709918012
237691117 710053896
236835227 716317133
236509227 717030732
235833250 718377414
235687394 718613834
232985803 718960685
232348964 721077041
231710182 721240448
231102989 721580240
230051379 723380412
228402765 723460688
227796256 725405260
226725021 726727129
226390571 726759401
225996784 727940718
225545993 728275639
222601465 729362578
221280319 730780566
221064517 731702792
219230797 732247381
212914129 733092387
212897125 734286757
210588310 734673787
209309810 741763722
209292785 744727501
209165516 745430432
208126457 746949675
207288299 748989049
206951745 751096266
206369576 752388279
204450961 752497779
203766226 753313641
202077197 756138855
200318420 756535200
199502461 759009124
197290901 759340296
197070259 760806973
195938380 761189658
195929802 761379276
195731364 761503558
194275923 761774292
194128920 763210334
193777591 765331545
192967616 765860961
192302821 768537268
191114012 769370780
190201482 770322575
189344851 770393431
188706797 770475560
187948451 771291394
187838201 771871545
186725582 773300501
184792714 773445205
184282899 773858829
184189466 774312421
182906364 774936877
182157269 775106865
182061315 775112197
181547491 775503448
174365573 776111127
172919633 776609885
172751545 776882955
171530935 777260025
167667832 777922423
166196373 778024537
165020226 778289060
163154335 778720652
162633054 779454000
162198409 780311371
161496484 780417357
161024711 782764176
158470304 783160416
158385348 783589702
158012338 783825850
158010997 784475737
156052370 785076533
155981412 786462680
155791319 787885633
154325059 788257878
154184337 789013584
153740751 791758473
153696939 793496239
152573417 794729748
150541278 795093090
146290086 796448402
143770736 798772305
142183149 801109200
142033825 802904771
141010764 802926497
139935323 803119408
139326605 803399076
137505776 807644696
135967430 807728631
135748792 808151018
135564560 808294541
135447134 808446559
135187632 810394889
133365175 814025064
131940771 814318918
128637743 814459786
128454017 815567121
128409025 816230136
127896363 816707821
123357711 817049814
122378810 818663185
122020257 822089390
121850424 822416496
121830472 822527864
121283294 822607232
119607174 823197694
117480960 823201689
117251502 824008414
116349373 824137548
115077585 824933816
113251507 826570840
112834300 827877085
112779477 830256891
112453370 830301121
112290080 831424212
111757593 832406870
108477394 834707755
108382737 835559855
104186460 836611478
103574573 837188564
103246150 838651055
102782147 840549069
102719869 843446368
100760038 844062195
99674213 845854328
98558268 847284914
98358129 847354765
97984344 848647492
95640398 849687964
95556834 854048601
95117591 855500944
94742311 857811157
94722607 857927700
94667704 858038486
94292300 859329703
93794044 860011235
93612570 861465114
90599250 862429189
90585787 863033325
89931330 864312810
89055203 864778045
89043340 866153813
88227997 866726708
88013721 866815378
86292287 867495970
86219710 869117280
85053772 869484296
85033163 873655146
84030540 873875295
83745753 875347428
82012397 876168539
81510333 881320831
81005701 881634955
79761043 882027028
77091312 884448544
75670331 884636746
75504582 885306005
74991631 885309394
74402256 886701492
74115887 887293073
73909925 890134513
73461735 894177533
72237255 894522872
71897088 895141095
71847681 895176488
70058695 897365205
69338005 898592916
68038353 900004575
67113419 900060352
66943479 900353912
66923849 901876614
66231675 902818851
66095549 904029073
65962139 905674090
65417293 909410304
63799784 909518776
63032902 909821161
62688664 910334770
62289011 911393281
61378868 912175706
61264336 913196839
60960626 914178863
60945417 914535590
60372691 916296911
59881660 916746103
59510876 917008531
59271700 917480842
58144360 917619193
56342979 918119608
56194493 919703888
55576355 919909123
54790014 921957095
54501145 923588014
54454363 924126020
54052159 927027399
52631640 929045759
52529528 930755356
51786122 932231795
51497742 932746932
49828559 934815785
48817088 934892969
47903584 935327883
46405328 935579102
45958223 936537514
45104159 938963963
44193304 940339221
42428621 942643238
42147015 942770439
40868115 944084057
40688222 945420020
39658014 945434892
39611450 946457572
38638119 948888610
37529309 949097764
36913535 949203918
34730111 954416813
33362517 956754724
32661447 957383903
32087313 957531870
32061522 958196090
31596278 958223086
28652044 958598377
27823856 959361575
26696847 959497836
25866745 962334456
25847577 962436601
24056470 963402108
23671484 963585470
22057683 965275847
21988579 965409850
21453223 966237066
21193550 967101467
21009695 969665160
20282721 970193956
19711303 972988969
18862147 972998212
18855636 973823226
16487184 974678149
16164266 975399765
13132078 975852876
12715987 977431920
12177617 978372597
11806606 978808410
11704605 980076673
10324258 980373973
10148365 983445239
704 162
754 874
68 684
324 337
731 896
86 14
260 77
203 318
886 791
291 983
817 95
