961 390
998931653 101453
998204776 193748
997225054 1392379
996968511 1547096
996166941 2220844
995186422 3403614
994364451 4252956
993555234 4538881
993213315 5922266
991454813 7646410
991035415 7990440
989987976 8126058
989309359 10863246
988918940 11309168
988503026 11729823
988481572 12307716
987631017 13390662
985278930 14108909
985137631 14852522
983940489 15499994
983640397 15853290
983334620 17248899
980516104 17674222
976665521 18524761
975227520 19439531
969261775 20356198
967755201 20372397
964879347 20398308
964662586 20567474
964585545 20648629
964314418 20818991
963149242 20869992
962178764 21642064
962002968 23352982
961516486 23359324
960724617 24524673
960493985 24917840
958340129 25818192
955934519 25863003
954721295 26089382
948698421 26255574
948197573 27339902
944324628 27354259
944239492 27836638
942200400 29041352
940077296 29119226
939755104 29356247
939676286 31329239
938659333 31377942
938470928 32237183
936917975 32790668
936104783 33355712
933299538 33824472
932924193 34189177
930679071 34199511
930651181 35819677
929229964 36244826
929133468 36639835
926171507 36748100
926012025 36845952
925713935 38563984
922502875 39370126
921422755 39560662
918776890 39764501
917860247 42524036
913412549 44057072
910483814 45832669
909587498 46668284
907837738 46919674
903809434 46949099
903741262 47349367
901341906 49947365
901259699 50359838
899145284 50858187
899106810 53053583
896726691 53065686
896257500 53332041
895003536 53509059
893225610 54021108
892736886 54444420
892686837 56556091
889424804 57928019
889204781 58373632
888608615 60153062
888251371 60631968
884348919 61248044
883710833 61974419
882061206 63226646
881300577 63614316
881279087 65038500
880763732 65416712
877657378 66060033
876701786 66357777
876685999 66600522
875509164 69631371
875270743 70732522
874025626 70749373
869011708 71619462
867444222 72586856
867296095 73477520
867049288 73951951
865929451 74210330
865120050 74220040
862664466 76079542
862262207 76313808
861966883 76363211
861851768 76854248
860690958 76964474
859513703 77539346
858295818 78528989
857297314 79362979
854324165 79970242
854243778 80730847
854122884 83485768
853533693 83890585
851983461 84776789
851386417 85044288
851349175 85602834
850630646 87625481
849945198 87876809
849891487 87979581
848145852 88843422
845911725 90505468
844373821 90992447
841340281 91110962
838913708 91745962
838557211 91829603
838553112 92287337
837911572 92803780
835934416 93293334
835554136 94367693
833737443 94981922
830659635 96615786
829348208 97549344
826846289 97796204
825841257 98412731
825763526 98978550
825239448 99619169
824555706 100647524
822873030 100745761
822069233 101078887
821164419 102557176
819462111 103203179
819072655 104757634
817940559 105042768
817167895 105201913
815019118 105462065
814990933 105913001
813380852 106663904
813266238 107301177
812735300 107615230
812534762 107681938
807628715 108017367
806196690 108903644
803844696 112215532
798877081 114153878
798243663 114979241
798209223 115546706
795435291 116394504
794082388 116731450
793255192 116837301
792695078 117045504
791478028 119061454
791136232 120514969
790321910 120706655
789648113 122173765
789031986 122760529
787420848 123582081
786360758 125125829
785423425 125168786
785265986 125359186
784051052 125634031
783900494 125769111
783896882 126570621
783824076 128010006
783516425 128127203
782430369 128471401
781900247 129944163
780635323 131017776
778744335 131060290
778732431 132534212
775136865 133675319
774467436 133732721
772620719 134154943
772303253 135978495
772115257 136197115
770857290 137274113
769889836 138333766
768145674 138977302
767211236 139513664
766792179 139686351
766573151 140708554
765608303 140718295
765411151 141011446
764833987 141440313
764226694 143065354
762679129 143298756
760840297 146046378
760054051 146532393
757720421 147401483
756998374 147742087
756994463 148608139
754563673 151552270
754317142 153654973
752711855 154901413
751749752 155062164
750941917 155089237
750091721 155384361
749464478 156133640
746349724 157573283
746281880 158662786
745437116 158916475
743892109 160621965
742485863 162903691
739209591 163623483
738303286 163882596
737955396 165513545
737929945 165540798
736132518 166203574
736095267 168722608
734432204 169649253
734238845 171200446
734061261 173815208
733365154 173928443
732348371 174030733
731222371 174608308
730943757 174789877
728359784 174817224
728266763 175326355
725210050 176215329
724164900 177490712
722827215 178530885
722753116 179810835
721957631 183098031
721745721 183914361
720367755 184026843
720319472 184908799
719034307 185731683
714708060 188275252
714434184 188461560
714409229 192578621
714225662 192673203
712640406 196357915
710722256 197132627
710545435 197798829
710102937 197874226
708260238 200891277
707608748 202626186
706660412 202999431
705497425 203681591
704959861 204962067
703860602 206102285
703576604 207311073
703547461 208531643
703268001 208898798
703172035 209000339
698317221 209523186
695927807 209669654
694512292 210375115
694230822 210634516
694058772 211823433
693971008 213019725
693389553 213684801
692709093 213872211
690595366 215623004
690464688 217881443
688997666 217994810
688645466 218086156
687263091 219698320
685395404 220056815
684039618 220193052
682461240 220514440
682422107 222532119
682254899 222562580
680447010 223340677
677489655 223699145
674509306 223919878
673554052 224585640
673200911 224837476
672315630 225143803
669288807 226832727
667876723 227825837
665485980 229320597
663920178 232714024
662179276 234801596
661972394 235744839
661926892 236824825
660877941 238218356
659173915 238783485
658193219 239064609
657372199 240136726
656437257 242812348
655217897 243002815
653793260 244237628
652885384 244876482
649917428 245230918
649507085 252225367
648300698 252812271
645553845 253235276
644872622 256236213
643933279 258204271
642321553 258824660
642223318 259755338
638157978 260401410
636472976 262341571
636304872 268359086
635608922 269134127
635162081 269794223
634888895 270455157
632471832 272153280
632211440 272532752
631854447 276461702
631114358 277734839
630667956 278128842
626892735 278534583
625512057 278998822
624955465 280371408
623134334 280476582
622959378 283835849
622957059 287898646
621815139 289843455
621065470 290504985
620938842 290748371
619196578 291312097
619015804 293983636
617349409 294841737
616506602 297516514
616218891 298983402
614337003 300252830
613556298 300298051
613370012 302118567
611788871 302626725
611787154 304366204
610509572 304438601
609184133 313076882
608146796 314934152
607812940 322296174
606442951 323480362
605510639 326223734
605193287 328919248
604765463 329806682
603481912 330580128
603456013 331454214
601892212 331555941
599976957 332073137
599504422 335300545
597264871 336886977
596482993 338164875
594763748 340692874
594004458 341813239
593650716 342357301
592187606 343048579
591522112 346400386
590748921 349205604
587638274 352996120
587387818 356211925
586569349 356730038
584295341 356927483
583225344 357133800
583108182 358411807
582840369 359169057
582226340 359692180
579189151 362560103
578274403 363794205
576901927 364742361
576340268 365165105
576002804 366490754
573829486 366720847
572999558 368988315
571242918 370574187
568511625 371400528
568485445 373058412
568132061 373901295
568006579 377475888
566580331 378561416
565364988 379731327
565261680 379848390
564986104 380064119
562795729 381518763
561248015 381622980
559325443 382060279
559247601 382132533
558829965 383049067
557980672 385233957
557457631 385256100
557171981 385388029
556257460 385556682
554126123 385923854
552943984 388440555
551481827 390587006
549740360 391386537
548240734 392351665
547476042 393067068
546316421 395670102
546290258 396535285
543613043 396738133
543426679 397986567
543248577 399939045
542781951 402381732
542478228 402888357
542173277 405339489
540781845 405863654
540077954 406276882
538576941 407137991
538161368 408532068
537966996 408911926
537159141 410953127
536839212 412504574
533585395 412581188
530225618 414190388
528587632 414424985
527539343 417963506
527439248 419269221
526979629 419779575
526560955 420420768
524408833 420879474
524389887 421916536
524052379 422422620
523972574 425059548
523871468 429189917
523235726 429262481
522332696 430073636
522168136 433613570
521810083 433639876
520519174 433852584
518062767 434508801
518034206 438506936
517232661 438699335
516598842 439172230
515611104 439305287
515412629 439434546
513918727 441036182
512943049 441201072
512829086 441847861
508825718 442287947
506760483 442373977
501776682 443036944
499365478 444350777
499113793 445597604
498728599 446574022
497949148 446895821
496968657 447742290
496500930 447785130
493219445 448740137
493087612 449863500
492187232 450247406
491562022 450493751
486578866 450843507
484823981 452877354
484123971 452958894
483662531 453994489
483142192 454055894
482114413 454088247
481886470 454196275
481184398 454866081
481125447 459112113
479882895 461444439
479867873 462863286
478468766 464343892
477169262 464499194
476219392 464605933
475965737 465977664
475881564 467846679
475626913 468510446
474490941 469375351
473853027 472020640
473216651 472328170
467448602 472694158
460961350 473122869
460655012 473137090
459531857 473707530
458172232 475434859
457646187 476160005
456772652 476358485
456067640 478287228
454415794 478721600
453317337 479877460
452778190 481193678
452673019 481485817
451309242 484104253
450185291 485019978
447044229 485070653
446439973 487081811
446390825 487111824
446368573 487127153
446175668 488343267
445518074 489716265
444249341 491110305
442952291 493824167
442907745 495101270
440502458 495716904
439237878 496065827
437626447 497681273
435422523 498117263
431507427 499259666
429529805 499259900
427498087 500575673
427249923 501427703
426865535 503506142
426718107 503753409
425988117 508397293
425753335 511269382
424661876 512722227
424595294 512928941
421042762 513439828
420393711 513779104
417605582 515653137
416622525 518610037
413713287 519398276
410864213 519948126
408799432 520652017
408531774 521902015
408050332 522217682
407448980 524431076
404752722 525923025
402799956 527121758
402135855 528044943
402021562 528891957
401067220 528909750
398403667 529302909
397687191 529841001
395931546 531223037
395583155 531368878
394511105 532994658
392903380 533062833
392721660 533338313
392271701 534201404
391700867 534618369
391695092 537314777
390672119 537340802
390123451 539208733
390024119 539918183
389271516 540154650
387018355 540730058
385777990 542972546
385196679 543001588
383745643 545501332
383553918 545605720
380772330 545759448
376892202 545823849
375791964 547349324
375267087 549712424
374652214 549756680
374448270 550343804
374082238 550607402
373869270 550809119
371693915 551875636
371048673 552329432
370837883 553311499
369920011 554338320
368640724 554375328
368300165 555617723
365593658 555839633
364601655 556309036
364275046 556692354
363849055 558726154
363317905 558754862
360451112 559846322
358116974 560228907
357774525 560568582
357678014 561580048
357662745 562987739
357499097 563212878
356766887 563252479
356749506 565089327
355955519 565575393
355917203 567714377
355528439 568133454
355424227 568994423
354987782 569144232
354877922 569779582
354781638 569980779
353878571 570198126
353732134 570361466
353434553 571831409
351273222 572229625
351073915 572563884
350149560 572737862
349595581 572913695
347974938 573075931
347417522 575425733
345072463 576700472
343719996 577126710
343532954 577636293
343353995 577794774
341386325 580303147
340551377 581932570
337658162 584953146
335538035 588273850
335405514 589681821
334573453 589896052
334542232 590764359
332785048 592008461
332244164 593392277
332020349 595085128
329977027 596382847
329432652 596715782
328807420 597236699
327049227 597610208
324829315 601259035
323400856 602856671
320817595 603039276
318924825 603852685
318523694 604230981
316560026 604772767
315543948 605345303
314860218 606052404
314482938 608392825
313988027 608456199
312732148 609561898
309295568 610392571
308221714 612831198
308027349 613875340
305941708 614163283
305224761 614776687
305080834 615781632
303925420 618838710
302674121 618938133
302062278 620299427
301414730 620644202
301379010 622456011
300947790 624163759
297203195 624653773
297124330 626308990
296178062 627092010
295699703 628109941
293807111 629325716
293393568 630860399
292385448 633517263
288913393 635044051
287007701 635617885
286988819 635759519
283983634 635993141
283055923 636526105
282074340 636701225
279597046 639341288
278677176 641803011
277730110 641822373
277688133 642832184
277614747 644176051
277440632 645486970
277274506 645782273
277067808 646078324
276748305 646579854
276405242 648315472
274393230 648566244
271445662 650374504
269079676 650643805
269067517 650729665
267806694 651527620
267613692 655402897
266054114 656039053
266049285 656642340
264982984 657088523
264951676 658713026
263979621 659441007
261936096 660212542
261811902 661978895
261526387 663920227
260799032 664116614
260641720 664194595
259610575 665612785
259545237 666303848
258506481 667270806
257855336 669390713
255977556 669425480
255758600 671585568
253288354 673004385
252432145 674842027
252221002 678908095
251916305 679459839
251682235 680453875
249929627 681643517
245324201 682861207
244487351 683383936
241650576 684951524
241420193 685106437
237666448 685633099
237020680 687709927
236419892 687873153
235938593 688227134
234095116 690361712
233598837 691015754
233394481 691370460
229378418 691619071
228164918 691685268
225969815 694413223
225465575 696079816
225263087 696163040
221813653 699023872
220132029 699425148
219402276 700119976
218456658 700854608
215414599 701240010
212920955 702598164
212273207 702691509
211321552 703123348
208325372 705549167
208165688 706001399
208054383 706003530
206798410 708888929
204652325 709006404
204163840 711274908
202761767 712927912
201887971 713107854
201074128 713173888
199678211 713196327
199638351 714033896
199528359 715210641
199404469 719300206
199314301 719653852
196380008 721863419
192177470 722928940
191885771 724557927
191796467 724633752
190182656 726217888
189308905 727787067
188825153 729547181
185506422 729797527
185071327 730037756
184730424 731100349
184592846 732245851
184417379 732899695
184224485 734878516
184154252 738786244
180736105 738810049
180335076 740452907
180245888 740620893
179829901 742096884
177736457 742509036
177652685 744017272
177390994 744071106
177037773 746307830
176684767 748056882
175411795 750272319
173208272 751558069
171980755 752028333
171968666 753241660
170354871 756857075
169621316 756890593
168607821 757219518
165124243 757850298
165002822 757915697
164708879 758095365
164296070 760245767
163551404 760251837
162919299 760698071
161449006 760869914
160137001 761585126
159681957 761751351
158752428 762085380
152345832 762873256
152244562 763892718
152083517 764125241
148682478 764417000
148605456 764676332
147191326 765890743
146486955 766865722
146459823 769189918
144401346 769342097
144052049 770549162
143802703 770568759
142711740 771928365
141503154 773433760
140551664 774009909
140072824 775456489
139820683 777379445
139216340 778272087
139126002 778898120
138695270 778954909
138544866 782163412
137460393 784574168
135816781 784947402
135795942 785447879
134664133 785607273
132783436 785846188
132669997 787534336
132485872 788044503
132074999 788265584
131776004 790469091
131064338 793086238
127353821 794724843
126761086 795248865
125794516 797018045
124943690 797081856
123154275 800651472
122871343 806733468
122736796 806787860
121928399 809014032
121564703 809390683
120417110 809978847
120118145 810017447
119880662 811641628
119838347 811825273
118557539 812419670
118417837 812583907
118180857 812584341
117707235 816197426
116939481 816225444
115354926 816534694
115343802 819752416
113832773 819996881
113040580 821781101
112083018 826487528
111583906 826757380
110512899 826791077
110339102 827276521
109272673 827861697
107672928 832882868
107609609 833647396
106711745 835048479
105809459 835443014
105774562 835563952
104801112 835978778
104596217 836003369
103286886 838308580
103096167 838418079
102944705 841010262
102709608 841796112
102630554 842487721
101639179 842598506
101604217 845813244
101220235 848183059
100088216 850415210
99909135 850699942
99773873 852200429
99658632 852607658
98313527 853939354
98297332 855173566
97010439 858151771
94753699 858581303
93273559 859304591
93085213 859436938
92291396 863123655
91826844 866087678
91434006 867102200
90501362 867660828
90081387 867870181
88721871 867896472
87643928 868000544
86730757 869505903
86189906 870154075
86136210 871784655
86126914 873150394
84788829 873348523
84764958 873393132
84348765 874125208
83973300 874362663
83733993 875430063
83358392 875845823
82703006 876081610
82608460 878123969
82508242 881171381
82416241 881352502
81866450 881970609
80469463 882580455
79789139 886181136
78821161 886517977
77638924 887392467
77000375 888139934
76381733 888876693
74269663 891367522
74173651 891488623
74097681 891833232
72595760 892272961
70524638 892803460
68953840 894094341
68246309 894178849
66257737 894714798
65064935 895204808
64743679 895518579
64579648 895840330
64533532 897373171
64362750 898410021
62694763 900822029
61817191 902841631
60488971 904705292
59123576 906890645
58422017 909314988
57525939 910038031
56226043 911184890
55990248 911284584
55732483 911318986
55433798 914093628
54928630 915319646
54555708 916420624
52893547 917706981
52839608 918547471
52553597 918774333
51814857 923943533
51108188 924280917
50636356 925034033
49806179 926416314
49630186 926682435
48850910 928492146
48453715 931171227
45404101 933847821
45258041 934707567
42670365 936858405
41715632 936909162
40683225 939221302
40600143 940139686
40103270 941660430
39404496 942678174
39079116 946239242
38717708 946572922
38688715 946640596
38021061 946859113
36989126 948635632
35472806 949184856
34055965 949208208
33717703 949930376
33466509 950620127
33264337 951224240
32787847 952000329
32483643 952735763
30417481 953159572
30339124 955447541
29593172 956249854
29587412 956325386
29106898 956932780
29052889 958081091
28676571 959215997
28665263 959374231
28415260 961123372
27512417 961510421
27165441 964879475
26618279 965464083
26244183 965830175
25604065 966207506
25284644 967334134
24441929 967882389
23392377 968810051
21452707 968977394
20837994 970630106
20607517 972628283
20344679 974838428
20228184 976548405
20038874 976765550
18941029 977766404
17239635 980530555
15810409 981864552
15425551 982677215
14761556 984078260
14326471 984137627
14206748 985895995
14011777 987841676
13821173 988747204
13078736 989207907
11874315 989882034
10152584 989999339
6405442 991743826
5138011 992460853
4823876 992510391
925 527
408 39
21 78
413 381
721 395
747 384
452 664
