1000 794
1665 
9213 
8831 
9984 
4304 
2624 
3481 
9894 
8484 
705 
4792 
9167 
4349 
3547 
639 
8124 
2866 
1840 
9443 
1303 
2712 
8568 
3038 
1226 
8919 
3515 
6584 
7333 
2012 
2165 
9053 
5829 
3858 
2294 
8011 
1053 
9718 
7586 
6494 
6214 
6387 
4936 
9881 
3715 
5451 
854 
9107 
8038 
5459 
7327 
6955 
7718 
661 
4134 
6010 
9411 
3381 
596 
3370 
7086 
498 
1746 
1107 
4637 
466 
9011 
8006 
6564 
9367 
6818 
1302 
3360 
853 
9110 
1074 
1285 
1873 
5298 
793 
1563 
1378 
7562 
9103 
2705 
5523 
303 
9636 
607 
2794 
606 
1158 
306 
3900 
437 
9803 
9309 
676 
3170 
4420 
7004 
6381 
6798 
4951 
9942 
8216 
3386 
8789 
559 
139 
8484 
6764 
2338 
5257 
6065 
2212 
2302 
8279 
7407 
7547 
1131 
5850 
4473 
1561 
9914 
4032 
2468 
3734 
5529 
3733 
5474 
823 
4777 
9073 
7747 
6494 
9866 
2913 
9469 
1776 
8568 
3882 
9445 
3965 
7890 
4991 
8718 
80 
8677 
3523 
5008 
5314 
4931 
9822 
5602 
8823 
7520 
685 
9970 
2328 
9930 
6072 
6443 
7961 
1671 
5504 
8977 
309 
9345 
3210 
7834 
3454 
6593 
5176 
6687 
7174 
1829 
4264 
9105 
5179 
7438 
2477 
297 
5395 
439 
7117 
6138 
8741 
8178 
6994 
5234 
7206 
1840 
4767 
194 
1061 
4571 
2846 
9570 
7479 
917 
926 
4014 
1133 
7111 
5715 
3367 
7003 
3068 
7772 
4569 
4770 
9468 
5035 
9791 
532 
48 
9945 
1890 
5313 
1508 
7420 
4836 
9446 
9538 
7783 
1292 
8824 
9976 
3090 
3431 
1115 
6971 
6666 
2774 
3172 
2385 
6920 
7987 
9030 
2196 
9243 
1224 
9251 
3935 
6064 
458 
3563 
6499 
4415 
4997 
831 
9516 
6799 
444 
5815 
9765 
1566 
7438 
3793 
7668 
5949 
4192 
972 
9011 
6953 
4940 
9555 
2948 
9727 
2974 
5763 
9165 
2697 
8849 
7959 
4044 
4382 
9601 
3178 
3043 
87 
7446 
9904 
5165 
7219 
6035 
1938 
2526 
8572 
4092 
8331 
1466 
399 
7341 
349 
8591 
7797 
2160 
567 
7408 
5690 
8214 
7066 
8627 
6643 
4597 
5896 
5218 
9360 
2512 
6339 
9392 
790 
6627 
1208 
5143 
1383 
9410 
306 
3522 
5878 
7702 
3945 
3054 
9421 
8523 
1413 
5036 
8862 
6091 
2506 
5458 
621 
8670 
44 
4634 
8570 
8001 
4016 
8326 
6865 
4514 
2461 
6413 
8013 
6795 
1390 
647 
3077 
8778 
4004 
5990 
7787 
8772 
3555 
1400 
6427 
8728 
6687 
9064 
9245 
7644 
4588 
4552 
4893 
461 
7926 
2498 
3773 
6860 
4456 
5650 
5077 
5703 
7597 
6042 
5148 
6098 
2333 
8159 
1872 
6576 
9963 
7905 
2149 
983 
6641 
7910 
3647 
8042 
1268 
8475 
1772 
9707 
8144 
7293 
4482 
4085 
5702 
9848 
5846 
6263 
8386 
5224 
5046 
3177 
7358 
5355 
1882 
2282 
17 
1852 
9124 
8915 
7391 
4748 
9555 
4383 
9552 
264 
4078 
6022 
651 
6190 
1064 
7786 
4865 
8667 
8403 
8364 
5312 
6401 
1856 
4615 
4669 
7462 
5255 
9113 
3845 
7088 
4100 
6157 
4908 
9406 
1086 
7982 
9997 
1665 
6043 
424 
6725 
5732 
7985 
5434 
7145 
3522 
4714 
5342 
5742 
6078 
8181 
6830 
4797 
8725 
4583 
5850 
9122 
297 
4225 
9724 
7097 
9329 
7487 
6665 
5583 
5263 
5664 
3570 
7556 
2205 
1753 
5695 
8628 
7524 
1793 
8703 
8442 
594 
1685 
1015 
9444 
2361 
2642 
2178 
1780 
5417 
8680 
6780 
107 
8195 
4953 
419 
6940 
8502 
5008 
47 
6845 
4458 
4464 
1302 
2939 
8526 
1707 
8943 
9704 
2094 
8617 
897 
9557 
7131 
3069 
3629 
9693 
9552 
5432 
2839 
5117 
1148 
7934 
6745 
2304 
974 
9779 
551 
4247 
7778 
4252 
128 
3810 
3673 
6268 
7404 
7099 
6611 
1803 
8859 
6650 
5355 
6858 
6024 
2573 
7375 
159 
8527 
1272 
9443 
724 
7386 
5765 
2316 
9411 
8402 
1792 
1625 
2975 
6947 
627 
7084 
4681 
2946 
4815 
1321 
9977 
2959 
7531 
5565 
4952 
4822 
305 
9289 
1218 
2844 
6999 
7599 
525 
2001 
4134 
1617 
2650 
5977 
3501 
1571 
3462 
9894 
7875 
9514 
339 
7513 
2433 
462 
7409 
8683 
9902 
6012 
3533 
3846 
2535 
4451 
9643 
8589 
1590 
9013 
9745 
4825 
6262 
168 
5374 
4910 
4154 
9236 
7727 
3376 
7817 
9371 
9315 
8914 
575 
3889 
2623 
7243 
5724 
4755 
5443 
761 
6583 
6170 
6779 
2509 
8995 
3570 
4227 
8969 
3181 
916 
786 
8037 
2447 
6130 
2570 
9309 
1825 
9418 
6053 
6887 
6685 
6319 
9500 
7995 
9165 
4790 
6877 
8007 
8571 
3168 
9796 
3783 
7363 
6890 
506 
352 
5626 
8256 
2305 
4152 
3023 
2573 
1793 
3153 
9073 
9902 
3549 
7426 
377 
6197 
5278 
3447 
3465 
2198 
614 
233 
9561 
421 
5978 
6334 
6708 
2162 
9262 
1218 
2530 
9755 
211 
6282 
5210 
2667 
8386 
9273 
8588 
9742 
1211 
2595 
4203 
4545 
563 
7844 
8477 
4777 
8748 
1766 
2256 
9113 
9096 
2543 
413 
7058 
9720 
3143 
8371 
9594 
5259 
9432 
2189 
2256 
3760 
1159 
9484 
7955 
1009 
3189 
2983 
5054 
2974 
7411 
3803 
8209 
7883 
2961 
2510 
3429 
5077 
9741 
181 
1372 
9410 
2143 
5051 
9902 
3998 
6121 
2306 
8931 
2780 
2845 
642 
7260 
8780 
5632 
1909 
6170 
9545 
6274 
8968 
3923 
5444 
403 
6347 
4234 
186 
1952 
1450 
6360 
9286 
6734 
2888 
8854 
2236 
345 
7116 
6090 
3357 
1314 
4098 
1126 
9565 
9351 
3386 
9575 
8732 
8485 
6534 
7019 
5175 
6556 
3904 
5591 
2020 
6904 
544 
7392 
4992 
5844 
9886 
392 
6504 
2952 
4782 
270 
8287 
3213 
9974 
9757 
7565 
5657 
5521 
9534 
1931 
99 
7249 
4403 
2110 
2477 
263 
4766 
7095 
9366 
3527 
1357 
8396 
4486 
398 
3680 
2218 
4011 
5675 
1263 
1449 
3603 
7327 
6173 
3580 
7759 
9334 
1297 
3474 
2910 
840 
421 
1728 
5339 
4455 
8051 
5775 
7249 
1483 
2433 
2151 
4883 
6845 
8706 
515 
3360 
8166 
4705 
5516 
3792 
6148 
4472 
9333 
3588 
2011 
931 
6285 
1239 
5365 
3663 
8161 
4731 
7594 
5286 
3422 
1544 
9498 
4616 
9944 
3106 
9034 
2088 
5324 
5497 
7761 
4985 
6477 
2095 
4895 
1456 
571 
5293 
1176 
5535 
1936 
6877 
7466 
7506 
4287 
9907 
7324 
1147 
6130 
3439 
2114 
3166 
3668 
9749 
9324 
5126 
409 
5210 
661 
7711 
2898 
8034 
1426 
2626 
665 
9623 
2456 
4400 
2785 
7645 
2488 
2486 
4414 
3020 
9873 
1581 
8975 
5239 
4338 
9778 
513 
2267 
1333 
4263 
5795 
8784 
4095 
2484 
9339 
1543 
5778 
4566 
5388 
4199 
2980 
5422 
3248 
1883 
763 
3102 
3429 
7554 
8773 
9308 
1997 
1315 
4615 
9419 
8421 
9853 
4824 
5896 
3583 
1851 
6232 
6760 
7229 
7112 
3633 
5760 
2099 
1435 
8572 
2636 
5174 
7251 
5467 
9379 
6400 
4399 
7938 
1444 
