1000 688
6719 
5755 
8785 
3822 
2373 
6836 
7381 
7170 
739 
7939 
1462 
4246 
3355 
9396 
4673 
9726 
4478 
8600 
7320 
4638 
8052 
6765 
1061 
7631 
942 
9593 
1583 
7519 
2887 
9102 
7345 
1687 
5370 
7446 
2217 
3448 
8197 
3436 
818 
4200 
3767 
109 
6731 
426 
4833 
5601 
8949 
9940 
8219 
8912 
5932 
9150 
7241 
1623 
2859 
9937 
608 
3986 
1979 
500 
1854 
1867 
7992 
489 
3421 
6983 
4360 
6976 
5440 
5577 
9038 
1217 
4195 
9880 
2483 
2377 
4407 
9707 
6316 
3262 
9729 
3 
8813 
8608 
5860 
835 
8804 
7209 
9090 
3965 
31 
8685 
2053 
3416 
6760 
2086 
178 
1858 
8021 
8615 
2210 
3196 
9223 
5889 
6394 
2864 
1938 
4316 
1986 
407 
5222 
4913 
6905 
5040 
8643 
695 
5235 
9696 
7235 
7877 
5712 
226 
8479 
2136 
1187 
4869 
2739 
2862 
2813 
3391 
4617 
9497 
1191 
1013 
5685 
1375 
2766 
7929 
1839 
5445 
9574 
7453 
5732 
8023 
8080 
1313 
3423 
4114 
3568 
4582 
3702 
3577 
7468 
9027 
4317 
2940 
1498 
2914 
9894 
8624 
8095 
7376 
1002 
9710 
2558 
4217 
3514 
8447 
8718 
8893 
8103 
913 
5554 
6404 
4760 
8669 
3168 
9900 
8595 
1597 
1529 
8515 
1199 
8585 
530 
4292 
1805 
5440 
5725 
8020 
140 
388 
5937 
9034 
2019 
2041 
8825 
7282 
2033 
2969 
4 
6448 
4129 
5858 
7585 
8259 
8104 
9040 
6808 
4180 
2889 
4696 
5167 
5184 
4844 
1623 
6885 
8514 
2538 
1829 
9403 
8948 
110 
6721 
80 
2103 
1585 
1156 
8369 
4659 
3978 
4860 
5892 
62 
6948 
2614 
1486 
401 
4625 
8739 
8716 
8766 
5667 
8996 
2508 
4178 
476 
5441 
3353 
1414 
1836 
9735 
4574 
6289 
4934 
2980 
1249 
3798 
709 
9416 
8335 
6779 
2922 
7819 
9577 
1784 
8934 
4929 
9396 
8570 
5713 
9492 
3518 
5195 
2325 
4467 
5411 
1534 
3018 
4715 
9472 
6238 
3145 
3211 
2882 
2091 
1987 
2176 
5379 
3125 
3174 
9232 
7423 
672 
7686 
249 
2117 
4523 
1769 
133 
2457 
2170 
8946 
1199 
7993 
9993 
1651 
7025 
8641 
5455 
1005 
9192 
7010 
105 
8866 
2619 
8939 
4774 
118 
3496 
4157 
2263 
161 
9529 
4934 
1238 
9793 
8861 
219 
3379 
2312 
5155 
4028 
690 
1279 
8700 
2798 
778 
8287 
6855 
8707 
3203 
8205 
1848 
5141 
3500 
2762 
480 
9981 
6818 
8384 
1158 
9820 
7012 
6398 
4128 
107 
9800 
1396 
9947 
7913 
8168 
6053 
7105 
6024 
6541 
7360 
7398 
7827 
1949 
6031 
1109 
9301 
8069 
6647 
5967 
625 
6711 
3742 
2679 
6672 
7134 
6644 
1656 
923 
3147 
2954 
2188 
1267 
5532 
7171 
4591 
6361 
3797 
5728 
5293 
9799 
7415 
7991 
2169 
8859 
807 
7821 
3683 
9521 
8958 
5565 
2073 
1169 
2152 
5758 
4848 
646 
737 
3158 
8641 
7663 
868 
3384 
2602 
9404 
5154 
5025 
7926 
3818 
3760 
520 
6806 
3012 
9839 
1832 
6714 
8776 
2535 
772 
1520 
3690 
424 
3744 
2506 
7411 
4639 
297 
5652 
9048 
8197 
7502 
3040 
6374 
8716 
1744 
1612 
4592 
8861 
6987 
8500 
3819 
6727 
767 
2725 
7383 
5631 
2908 
8863 
6295 
9811 
7732 
8436 
2430 
4667 
9978 
1554 
9046 
5219 
9840 
8470 
1850 
6800 
2640 
7842 
7327 
1376 
7486 
7988 
7753 
7762 
3371 
6173 
5118 
8115 
1412 
4481 
7852 
924 
2026 
3775 
4575 
6421 
3686 
5602 
2167 
6051 
6013 
7594 
5504 
5515 
2044 
6967 
1610 
1372 
4314 
6057 
7300 
8337 
9663 
6762 
2352 
8546 
5074 
2892 
9893 
4792 
1816 
9379 
789 
3031 
5836 
3953 
8462 
2735 
1926 
7222 
4577 
5096 
9501 
1742 
2070 
4853 
8745 
8367 
6528 
8841 
9784 
2365 
2562 
2532 
3236 
4641 
6499 
7648 
4739 
6395 
8642 
2572 
5549 
891 
9569 
5094 
5755 
7786 
4646 
7920 
1614 
2908 
7026 
8255 
2356 
1780 
146 
79 
3303 
18 
418 
3900 
7585 
4686 
2297 
4562 
930 
1514 
7883 
9613 
549 
7977 
7483 
5141 
49 
5001 
9024 
1187 
3961 
8555 
2573 
9053 
2056 
2756 
7116 
4356 
5057 
3642 
9561 
4834 
9266 
167 
1689 
423 
3489 
1838 
492 
805 
5633 
2805 
1596 
7597 
8785 
9350 
7906 
2694 
3857 
7722 
5997 
433 
6468 
6038 
1226 
3801 
5145 
5964 
7533 
4384 
7097 
7941 
9022 
4603 
7371 
1974 
6133 
792 
3476 
3642 
7439 
2534 
3919 
448 
6407 
8405 
5470 
579 
6895 
4933 
6422 
2366 
944 
4857 
4191 
3345 
5926 
6177 
5661 
1258 
7999 
4597 
4945 
4798 
6398 
3029 
8652 
4779 
6472 
4587 
8841 
9240 
8060 
999 
8083 
4411 
2406 
880 
3355 
2795 
7588 
3978 
2148 
8260 
6198 
5563 
2000 
4224 
9006 
1077 
4928 
8244 
2575 
4525 
3629 
9949 
3856 
5898 
6886 
4744 
1731 
3450 
9823 
6417 
3889 
1374 
260 
9385 
9204 
4503 
988 
6765 
3571 
7544 
2672 
7804 
1091 
2425 
6050 
1264 
2083 
1702 
4104 
5446 
5870 
6488 
9174 
1020 
106 
6378 
225 
4952 
3246 
1145 
7478 
125 
7814 
7080 
1041 
2397 
4247 
4688 
6613 
3133 
3175 
9303 
8960 
8699 
652 
1513 
2540 
4669 
9819 
158 
1095 
6589 
1876 
8691 
9096 
9916 
5122 
5078 
7617 
6844 
3458 
2950 
2244 
4618 
4454 
7311 
8408 
8710 
7161 
4267 
3569 
6795 
3559 
5089 
4768 
7139 
3004 
4420 
3992 
6260 
9319 
7671 
2022 
3827 
2233 
4211 
3912 
34 
469 
8490 
7996 
4378 
2105 
565 
5649 
4884 
3159 
5662 
887 
8007 
8528 
5477 
9720 
7913 
6247 
3109 
707 
613 
136 
4061 
1643 
6935 
8812 
6082 
7932 
5014 
4193 
9770 
2851 
5402 
205 
4914 
5553 
4807 
4415 
4838 
3103 
7553 
2067 
6388 
16 
5505 
1660 
3366 
5558 
3657 
8819 
369 
6034 
3761 
1708 
61 
2810 
4910 
3541 
8713 
5592 
7407 
1967 
675 
2799 
8296 
2966 
5347 
3224 
1810 
4787 
9654 
9462 
9130 
9239 
6519 
3640 
7031 
7434 
2969 
1041 
6443 
1154 
9369 
4100 
2882 
1118 
4401 
67 
4656 
7434 
8624 
8529 
1578 
1384 
3613 
179 
1395 
257 
3360 
1580 
9399 
6129 
3226 
2334 
3037 
8358 
3726 
2329 
4721 
8845 
2563 
6474 
8986 
7200 
6608 
8425 
5339 
4103 
5546 
7911 
5087 
3442 
715 
7516 
2834 
8751 
6717 
7147 
2204 
2417 
4396 
3742 
8540 
8033 
2407 
8780 
9363 
6106 
8789 
5131 
1628 
2069 
1873 
9344 
5814 
4204 
9662 
5866 
1711 
9039 
4573 
3716 
3346 
1247 
3939 
4579 
8290 
1340 
5482 
2094 
1047 
2307 
495 
405 
7029 
5003 
3280 
1558 
7159 
6840 
4700 
4535 
4473 
1191 
6704 
1661 
6258 
2375 
7136 
1521 
4333 
1350 
1532 
8707 
2209 
758 
1066 
7894 
6914 
1785 
2551 
4331 
3583 
9737 
1086 
1699 
443 
8481 
696 
8343 
740 
2420 
9949 
9565 
7074 
2937 
8275 
3033 
178 
