163
931467 143563 393382
262663 245798 13079
178450 169980 103947
224453 172879 193939
146462 52130 24944
377762 126792 153011
262353 54853 189327
335610 113683 275455
691736 327387 248896
333811 327617 295794
524848 428057 146392
171709 86344 71084
734936 357088 593128
805132 224501 129851
72318 35224 36418
180607 99487 3548
610097 388861 326978
78353 18167 24474
512337 148755 25010
529624 4621 93332
1496 356 1020
995839 226152 469700
451539 444723 242449
779571 201229 495051
353973 143695 329158
277250 173479 134001
171398 146330 78406
988716 276164 400391
675520 160977 213490
402198 90616 317054
939881 368296 19718
252741 11537 251809
87086 32778 46516
170423 112208 54817
694500 414562 132003
354834 285151 350641
529187 107164 63533
479910 223947 310688
542612 29722 43256
441733 39459 314831
994731 938001 780012
242804 68572 28115
357660 58913 301922
106940 36116 84452
779422 640511 636499
447424 93697 119552
324256 108963 286203
20016 18168 10082
96703 19236 4375
99358 98144 32008
557604 530478 542989
989289 492489 925552
906603 117485 331617
761085 139891 718324
848656 104560 387354
555992 354087 458170
127639 109938 116371
767698 29996 136027
464883 432049 368784
927417 434504 642948
8442 4258 4941
713246 522843 2549
261865 130757 218250
257737 234955 146692
387635 179008 185199
862412 783150 546405
520549 5486 6399
440288 401497 260116
585186 502929 472297
14207 10937 1523
685434 195923 500971
593599 574231 304232
981503 390000 885416
723159 121587 520037
925506 461970 181169
367964 97069 136502
530660 165366 196210
705147 283051 196810
460494 10083 40489
860701 799233 723663
554179 303771 541608
582181 539670 9486
450347 220606 146716
65280 44985 51963
704415 16700 536388
700055 182875 670570
640897 630223 439886
654578 67 610522
992443 220200 24226
668431 446446 158581
93606 41629 65130
792762 271597 482951
995495 690741 879063
447319 239237 174473
922322 811651 293559
324489 230571 270495
516233 245920 195859
534454 332146 88538
335792 229213 165407
505431 309571 107076
573931 143374 330831
226724 43582 196227
90112 73632 24664
112895 110669 33416
50934 49008 47624
313382 274722 42823
784555 244940 2449
511464 107558 275505
682903 125769 22496
792070 174014 646923
216016 165790 179991
508920 495841 256632
252962 169752 103390
898490 478558 357662
59837 47771 26451
408715 150443 245596
161529 58686 5125
991879 329180 861864
521639 218525 103087
775955 260223 57619
939610 764643 239334
589856 449676 82366
35808 12206 13630
789311 343565 565267
297684 100931 275714
483248 279133 279030
703195 270902 219725
957407 553662 319273
296688 254962 194467
89533 58807 50687
841374 268708 721769
126139 68395 90614
686905 129981 194976
613782 145164 188513
52368 15341 22558
537245 275542 276746
898146 648899 814567
919626 842515 453884
145851 45960 88926
227021 7917 10108
504261 43901 323102
193585 193000 174241
803912 402488 318548
71853 2350 70957
928599 850129 44798
950340 397921 471542
513086 471716 443348
327420 286183 237652
385221 159000 358693
208127 66981 198336
604798 309346 404935
998489 963039 963271
495409 488352 210748
164069 147565 24071
277426 21270 276794
165867 8381 125819
312640 137665 82174
420939 71730 26167
964522 696418 211989
240076 177106 32271
369838 286839 198004
678828 166880 650042
809537 399208 432125
