185
906623 647654 372677
646650 67449 313942
259272 12953 188943
940431 709546 108143
234744 189269 120919
318892 121881 238499
601136 550286 500076
350639 116412 273097
710384 277404 39218
418985 233284 136619
533250 359457 344969
209930 54576 194867
520821 130513 52444
823779 49490 418651
724686 233115 252632
823876 145596 201190
955807 926220 188933
843066 704882 429489
136144 47889 16274
825857 583503 147530
354170 227233 251019
689139 403540 230943
159757 68795 25291
710128 65659 94887
678565 330035 563484
284974 75056 193527
383955 259422 201482
331638 101365 202567
896172 169214 334059
33821 10278 22244
923553 194671 344287
471992 332030 413917
842138 783622 233220
293263 14563 92499
798501 87717 313540
76244 20176 16673
961735 622333 6035
539756 510259 415888
710003 233760 341363
666505 289737 500526
344600 309435 303722
277537 149456 4436
191597 187091 135003
123953 96874 92568
898382 767443 422039
755923 202983 716078
520451 137974 177786
147772 35690 7042
964600 307868 145936
656133 288248 567107
15523 3026 3866
429645 217116 79118
103987 6380 79688
198307 67333 92874
906380 598135 570991
939475 419169 760925
66212 3024 12877
703251 114177 443255
665877 272622 432859
882964 845646 754430
871980 94329 397893
589183 451347 56130
506562 185185 130902
982608 515806 911426
794229 460955 486214
772631 506093 505163
994057 472794 783742
903889 538183 679679
74587 52512 25591
216152 27376 84577
511441 301373 489820
821405 531072 231802
907230 719725 208390
476863 2841 58320
170608 66023 145669
403200 226093 45520
446912 113590 379390
305843 158467 44271
160468 105800 132495
975387 816834 456205
923084 901419 659133
986376 694884 176758
143965 115170 123834
499836 305707 296654
735944 251542 295416
758668 688321 515741
56539 49935 3520
663064 586118 225591
314198 26454 119219
159464 74012 117005
598177 402133 126813
18670 3721 5509
10123 9221 5569
111803 94348 108422
789965 781490 642050
355188 215256 212447
580104 306739 177890
458769 120230 7846
411424 172015 342625
29006 18174 28442
44018 19383 43835
967901 774009 187226
622059 530687 146162
430073 212730 235389
385157 246270 276101
141567 41698 37673
135205 37212 24947
812982 245710 721493
997093 974115 394711
848005 177272 271659
857457 839905 145600
464883 329488 349041
173011 48064 146379
125805 124110 72406
823100 768622 166133
517191 482331 90408
966745 704406 29139
228302 128155 201049
997628 570806 206678
72568 17458 52845
128938 127322 106438
281266 219208 236262
31869 11478 15521
939926 619208 78318
117238 102107 67041
353771 272112 183701
521063 199984 444104
682866 177521 30362
814300 624000 400377
843141 397269 528223
314746 68305 277092
756779 405313 422835
137142 107339 90539
110597 101853 37736
590865 542184 218542
995805 916716 673526
983337 249101 536910
688663 34015 248384
441118 95722 172013
237794 192398 211562
443048 211399 241678
397983 98027 6501
600185 176166 57443
222665 187973 72729
391227 187576 370407
478025 335663 44863
967545 134556 517388
859237 107697 23722
865048 172372 257818
531663 84617 292201
898944 468717 178558
612181 86429 267543
468991 59082 95203
17596 10852 17281
197919 148811 51414
643551 407651 448714
740966 725728 265365
11225 9643 2943
137193 7795 5944
965875 624980 644428
856762 184189 287597
608247 244602 487572
493462 240481 9090
165899 122862 443
736155 421143 22185
278742 229171 207047
822168 741334 52052
866122 630582 447290
582914 79813 277859
446366 377213 123190
177918 144368 130686
253323 75131 25271
70561 59216 66412
713466 183631 347604
437406 235927 285638
633607 348013 456387
780093 13544 751720
360761 31103 25427
751198 40943 549389
300100 64462 279633
55481 16789 53259
432636 148305 407634
527393 116212 507133
874150 733331 591887
941447 329270 420387
