152
233349 166689 119495
366913 63416 148340
755858 315437 32430
44107 20931 35050
53076 6873 40867
444163 137887 443030
573494 464643 234178
825726 232761 421038
461832 151501 417801
8106 7216 8082
182005 171128 167720
98503 80612 79161
436261 153145 165983
805152 52058 170300
376554 7716 12100
643197 70162 633374
302483 140797 169551
238609 42960 237581
497536 297227 375745
45096 37900 22514
283919 250156 195564
391493 112424 9690
381959 288494 284328
692620 273735 163340
834600 767140 754477
479399 169031 467810
607303 260433 346253
869063 656229 323082
933779 299192 67662
173843 117472 104344
823789 148714 491811
149668 34559 88811
518394 336197 460229
685824 669253 143419
696063 382142 40452
118539 7758 85146
430118 359755 220704
204295 113326 97129
266794 148290 140473
595799 459251 197642
715767 325839 189464
808703 779082 672413
973109 351048 88087
161598 115246 79042
695672 645394 79299
468238 35626 230005
122492 84590 113589
477267 455017 310348
254821 55502 153090
985391 851732 175765
714074 194017 712501
757490 80198 165346
990781 770456 569850
312257 159787 304695
930888 113981 894612
197627 58816 127486
75519 34248 38867
688219 69937 673963
421141 78634 380080
724417 339447 452340
255536 70131 65802
354638 126653 263319
687744 396561 236692
289598 280685 42699
846023 616560 149405
53082 13821 32746
29313 18868 18374
237536 84555 192090
365695 89654 189766
680581 583497 206252
810698 718856 479081
471811 313517 68209
956271 951109 374911
269890 130072 225670
57914 44494 49894
565070 180318 154584
743244 992 394620
747630 339605 637190
22791 19236 10122
856251 356652 337595
233400 165803 6156
901016 348061 265399
100236 2427 6965
338193 327939 286726
443494 32282 252154
347027 113185 84148
762770 87134 749704
282593 219915 140575
78362 76563 61671
603921 184781 298079
67335 60457 64413
240491 128940 57223
478025 439280 244021
984034 404886 538333
48113 42640 35081
548990 37775 71051
23394 16234 6526
16989 6775 13362
767311 435377 651917
640053 470383 354093
832148 303350 681120
670645 515253 328483
143706 102458 13274
207601 99144 165106
648571 582156 160582
524531 10810 108756
916901 546751 330575
85276 59233 10847
293638 269159 243349
532073 494467 324001
205886 78646 199351
32125 19274 19107
428157 396821 258089
10571 6776 3513
633909 73579 385928
225314 140606 113749
164514 20418 103053
730632 372067 666520
689906 18479 296960
153403 148331 91629
208690 22376 168648
439454 58498 168182
602537 372963 469091
659611 219791 382946
627414 394075 121142
554058 286894 48187
21237 7438 11857
535991 37233 252134
631662 394878 387118
75560 54970 29586
540440 258331 467591
858449 734388 192183
183880 128512 102870
209494 6762 128955
110186 26366 54271
50879 37113 2533
72455 2563 41738
91814 15956 87338
194231 61642 100753
189697 102608 71528
126634 40607 119062
694577 432997 627157
925648 308855 343562
280709 250574 271449
770330 378907 192591
544770 108857 219497
829344 787337 419272
821268 6050 500027
734821 578237 628893
292614 44581 180001
648047 437005 205589
9811 9552 5977
