193
265715 182639 265715
358058 264892 358058
769865 400529 769865
449389 81582 449389
783198 718442 783198
459852 144600 459852
425017 152494 425017
151514 20541 151514
513976 270647 513976
575119 431107 575119
532379 530562 532379
474703 154454 474703
869082 599983 869082
930871 87603 930871
168219 59245 168219
739036 534956 739036
787756 408617 787756
18635 3602 18635
719006 199349 719006
873148 468779 873148
251015 44892 251015
913142 541664 913142
272944 248541 272944
924276 331347 924276
354028 271374 354028
936074 515445 936074
200720 18324 200720
631738 400201 631738
223444 193372 223444
198677 194725 198677
316401 277251 316401
391386 149414 391386
748986 202355 748986
191769 132959 191769
652770 259002 652770
947891 130568 947891
536983 207774 536983
328712 165553 328712
507293 188127 507293
70351 55674 70351
625707 343926 625707
222091 162812 222091
817855 607508 817855
282079 50942 282079
578337 379826 578337
874849 828182 874849
910648 475677 910648
989843 634637 989843
614716 476585 614716
536977 176328 536977
146124 13649 146124
693171 528005 693171
91260 2333 91260
646038 71521 646038
281779 211100 281779
868863 380313 868863
827011 428331 827011
389647 253946 389647
188508 4649 188508
447036 128981 447036
880261 375037 880261
320933 178989 320933
644087 197843 644087
631412 38035 631412
441972 230021 441972
761240 267611 761240
537106 174314 537106
339257 64862 339257
980051 77175 980051
999485 704775 999485
467909 177097 467909
43733 20222 43733
432695 432503 432695
452650 135029 452650
902028 814325 902028
875516 504432 875516
280668 209854 280668
995426 175662 995426
525985 259116 525985
3412 132 3412
481036 320424 481036
104980 44664 104980
568413 324544 568413
478948 405220 478948
998974 878171 998974
410268 236386 410268
98044 78173 98044
372962 47426 372962
657371 31388 657371
139778 111528 139778
750868 308305 750868
403603 206563 403603
935269 432509 935269
989952 473644 989952
199064 75145 199064
520927 458949 520927
716782 627412 716782
323734 286247 323734
713743 335602 713743
350507 248557 350507
749862 296615 749862
896068 438450 896068
349209 78166 349209
25628 3058 25628
894325 472020 894325
373681 217396 373681
822858 580411 822858
555227 295735 555227
566214 352611 566214
381803 237867 381803
521756 59741 521756
467110 166040 467110
322844 49917 322844
657369 562245 657369
982338 64046 982338
780372 153688 780372
461737 354944 461737
640829 433964 640829
206961 116608 206961
817503 443756 817503
128584 19447 128584
891072 511180 891072
508569 463693 508569
432696 355824 432696
653403 324476 653403
369755 185998 369755
619029 194970 619029
634359 101644 634359
739478 331620 739478
648130 622470 648130
227172 222854 227172
226466 201117 226466
58431 27427 58431
588629 239488 588629
326333 155059 326333
198573 10074 198573
62677 34933 62677
774205 651855 774205
888384 462897 888384
487779 83176 487779
470545 246205 470545
842085 473647 842085
618565 67499 618565
573771 72833 573771
397776 335333 397776
589269 272782 589269
895918 728073 895918
328515 229201 328515
11535 10259 11535
184642 131531 184642
148987 52920 148987
582209 51039 582209
859028 11296 859028
971659 612587 971659
385503 16181 385503
753961 693125 753961
930435 221465 930435
50306 27379 50306
780636 121675 780636
828197 679247 828197
357472 314435 357472
111982 2593 111982
318194 80632 318194
67241 49120 67241
431399 190390 431399
253354 101963 253354
248029 54978 248029
478100 223479 478100
234124 72062 234124
371780 54950 371780
411549 390173 411549
340329 170798 340329
967500 269308 967500
460682 325158 460682
877293 589657 877293
647812 370019 647812
845156 320163 845156
881593 501358 881593
118343 89633 118343
534234 219609 534234
346613 13062 346613
704466 58198 704466
706354 275580 706354
727655 638851 727655
223676 59468 223676
612623 110290 612623
164808 31210 164808
294313 97860 294313
567797 355089 567797
282245 185537 282245
749503 129062 749503
843394 229672 843394
192250 114469 192250
