173
742 167 190
652 221 574
169 48 121
908 58 356
51 9 20
198 90 105
107 99 43
271 129 211
271 5 162
388 195 152
258 185 176
683 265 408
561 149 374
276 22 42
738 80 646
401 101 246
951 763 864
134 109 27
435 276 409
193 77 166
477 358 208
480 435 168
662 378 371
929 214 828
625 246 599
542 69 535
65 3 44
774 644 607
890 527 860
174 78 62
328 121 50
433 302 302
698 482 547
752 43 482
430 155 113
213 81 85
3 2 2
197 110 170
44 4 14
762 130 229
749 323 627
166 156 13
864 239 711
524 275 89
712 209 58
334 251 272
917 816 57
713 470 342
308 128 262
153 17 46
575 151 83
888 326 295
716 405 582
253 235 99
487 487 395
107 45 106
20 12 16
241 241 133
811 98 50
543 498 271
979 829 266
629 559 516
203 50 159
559 349 369
422 200 31
507 23 14
536 178 375
336 240 224
875 148 544
492 478 423
183 163 7
10 5 7
520 332 421
109 4 62
756 727 85
456 213 259
850 96 776
696 655 12
936 202 811
339 301 116
52 27 22
937 821 372
516 408 133
700 494 23
12 8 4
153 105 130
713 170 664
541 243 191
363 262 337
435 349 286
510 275 444
509 449 189
829 769 337
653 4 581
543 92 461
877 169 376
201 168 65
528 337 160
621 503 325
284 190 114
940 906 426
172 67 153
972 16 461
990 206 402
351 56 240
606 256 564
596 305 87
944 766 129
389 277 187
494 137 331
212 208 53
396 105 102
992 655 833
782 529 335
2 1 1
361 45 78
678 61 284
274 244 216
914 43 796
894 465 471
788 638 714
900 180 812
277 67 111
61 43 60
582 21 119
175 6 26
377 68 280
943 718 358
490 212 5
124 119 61
108 2 84
661 174 191
554 164 178
516 414 44
376 338 344
840 509 587
137 10 59
591 478 188
306 104 285
346 1 167
222 191 194
820 379 70
959 814 503
798 578 191
994 309 200
375 27 156
250 166 52
231 190 10
993 436 362
349 84 88
289 172 3
144 93 3
716 378 594
149 67 124
922 745 817
55 34 52
799 168 382
242 191 15
829 459 788
454 29 116
201 183 161
468 457 352
919 718 750
751 20 635
300 274 276
364 284 94
966 730 283
440 56 127
716 491 613
772 146 643
832 827 457
48 35 12
546 437 512
