167
347 314 89
89 55 71
771 702 296
699 221 38
77 45 77
406 386 69
767 671 718
109 44 54
689 314 1
969 271 161
418 194 66
721 579 287
880 786 592
731 204 668
583 536 144
933 228 741
389 48 164
566 449 367
683 68 55
441 281 51
31 5 19
654 88 43
652 505 585
984 408 570
608 144 487
223 138 30
630 114 153
689 108 184
83 5 30
98 17 17
155 102 1
415 287 29
276 69 70
786 386 423
625 51 220
582 151 334
994 546 170
664 344 111
29 1 27
685 201 36
381 346 192
139 57 121
309 266 43
918 373 117
623 209 514
456 301 334
876 825 470
826 714 768
55 47 47
617 85 8
676 330 239
111 100 79
694 300 371
212 127 141
202 121 80
605 237 419
699 306 77
758 620 619
709 247 624
516 175 72
900 377 559
341 181 157
820 664 799
373 186 296
817 159 472
343 227 142
929 849 647
634 488 625
964 206 67
655 345 642
432 147 54
404 124 334
163 87 119
714 207 702
497 239 213
51 18 29
963 672 583
299 110 149
537 417 423
308 196 18
37 34 20
497 169 89
459 233 169
381 206 301
926 832 216
206 160 188
182 106 114
597 357 8
393 8 346
234 212 225
740 352 303
807 671 333
999 506 304
255 233 83
115 19 7
774 603 658
520 445 238
92 59 45
624 405 609
444 163 405
575 89 460
289 17 95
897 381 224
203 52 35
171 130 36
537 269 104
307 119 228
220 203 95
638 305 540
326 128 42
193 67 88
499 273 56
105 66 98
757 430 230
814 500 719
222 189 118
519 57 337
471 26 363
387 127 98
719 176 566
944 858 893
769 590 321
316 135 116
917 537 640
91 1 44
936 410 201
735 714 192
495 32 208
395 162 380
918 724 747
311 153 272
212 75 211
164 16 105
327 162 209
919 249 78
601 305 3
65 47 18
814 144 347
255 138 85
561 139 149
542 290 21
590 38 43
532 17 463
609 345 282
393 43 92
104 3 23
712 687 281
439 135 156
321 57 273
844 470 114
293 245 45
755 515 496
287 136 148
973 438 681
344 18 56
119 110 93
10 1 8
775 305 363
32 24 21
998 721 360
921 492 727
922 346 137
39 20 4
598 275 529
540 218 454
946 321 45
319 294 242
