180
248040 39176 216741
41817 84 27880
207684 17642 16152
520323 443261 217920
457614 189743 230790
422135 72047 61192
178563 76985 172732
64752 52068 55638
743579 710526 39155
69467 17098 29672
551039 511115 486870
827051 396824 774270
588626 281694 315914
613189 52750 300449
59957 24655 34475
491421 36309 188837
681329 499489 177446
597747 78288 150652
745704 737855 605265
307463 150740 8066
818251 760407 128289
336095 106906 210450
913025 505983 671562
35060 1019 33207
184953 30582 170375
238283 90781 109418
423144 215607 321655
208462 188771 20731
667959 110989 20405
390199 192033 208083
942801 634883 784471
122861 102021 48737
455842 84473 291753
149429 95594 27419
756647 474362 687741
735109 445093 76639
506951 190241 366079
283437 14375 123333
612968 108048 153735
271824 45718 197749
329473 296263 208114
336951 247160 52862
637662 605546 575246
820230 555810 611594
14196 4118 4083
795868 347575 2219
140315 22589 20707
245217 27276 13143
224671 49056 131096
340733 89402 91978
384513 56640 259823
206965 191102 123194
144184 87831 106191
141898 49896 26765
202461 72219 143101
59883 27928 42987
952446 868761 916328
303292 138225 88359
353586 2863 25916
254936 142871 80601
913891 453093 606036
822308 716452 534182
553991 125958 153364
113837 22386 55089
134923 13958 89535
890247 469420 759265
631268 352084 14125
864938 287069 366423
391044 49733 63992
822553 411537 345358
947642 936798 318375
579429 480164 80036
87570 55703 6684
593374 484091 179220
433421 38705 331136
138258 55054 62062
503754 165633 79602
670222 170834 216918
882878 869303 218006
915449 795022 58615
75963 11578 64512
781635 7917 85835
239430 223447 199864
626235 360387 433985
567596 234348 50820
782325 252538 698978
363009 225301 271516
745740 672287 709833
782865 703267 528725
795267 35394 358276
37879 14421 35001
973649 331 31863
908530 234204 566691
396514 361589 311302
584140 512896 427839
89979 77590 79534
836981 727678 312856
972765 477687 737695
845917 71580 644419
880184 779194 81836
865413 42600 620822
781951 439069 261530
209225 186442 156629
234805 224625 158364
1120 134 1000
425238 352786 130662
161768 43596 648
230816 9105 122495
302603 132443 58681
776357 299706 167005
534824 226697 63088
203022 182645 21488
562584 462655 545553
852939 716886 353790
700323 670442 669396
705034 415243 542275
133045 42712 67350
380068 127550 336752
191842 128960 5975
867583 316228 584589
686206 309948 184324
201941 194093 123732
421140 225100 63032
219629 133133 202950
26624 11268 19211
909912 499325 2697
992176 409313 376783
110396 33076 34520
753687 285958 629953
251615 133011 170176
517067 514032 257541
415454 222410 132883
728728 26209 50032
666111 637650 498564
978761 976675 121569
667795 310830 3218
158452 94927 25946
128850 113662 28800
326157 122848 313404
569327 505675 24730
118364 33209 43122
24445 4917 16719
523293 290402 282380
177493 97093 117053
323630 53876 52023
694730 498643 303604
512179 92757 210477
876317 752615 727872
232618 96431 184680
740219 81565 225820
815760 213484 198017
629093 171076 547605
898511 539753 455719
45153 1256 18504
321352 265990 125443
204675 132252 156735
670440 569466 264050
678120 637854 78504
854462 607935 753876
469503 9217 285664
774859 628266 246093
287596 223764 287349
972222 232804 93775
524762 137661 39243
644029 508611 348781
308783 47091 178555
186820 46924 55290
952941 527137 525202
735997 669875 577910
378494 32439 35613
966112 127793 604201
617213 339032 532936
388945 108283 159314
288250 102021 278410
8970 5861 5649
874736 485565 152677
129332 16604 28104
735881 485230 181034
636107 469855 945
29923 11003 4180
