184
148178 143461 148178
221455 95789 221455
324013 304798 324013
902755 571633 902755
385824 327458 385824
947797 713034 947797
998903 698719 998903
299474 223243 299474
688886 564315 688886
257876 155933 257876
795945 507252 795945
697309 208702 697309
192780 69512 192780
49996 34026 49996
773990 276171 773990
250199 52443 250199
216428 21572 216428
48614 33853 48614
433064 90570 433064
262524 80726 262524
243805 60004 243805
754915 331052 754915
126338 30959 126338
707019 614933 707019
838714 86029 838714
911851 100984 911851
642476 493755 642476
923388 570964 923388
823077 230541 823077
63694 20875 63694
545555 29738 545555
933190 921180 933190
448053 380153 448053
446859 11795 446859
316010 225931 316010
474034 171557 474034
385079 77061 385079
15343 10913 15343
180652 70484 180652
86242 16023 86242
22693 1364 22693
269597 76582 269597
40614 11403 40614
528523 272695 528523
299672 32268 299672
128050 110992 128050
780206 568958 780206
988921 297344 988921
286456 101974 286456
138577 109191 138577
775105 560966 775105
988899 739679 988899
18522 16684 18522
506663 206071 506663
160341 71428 160341
334621 252280 334621
941354 235422 941354
139366 30865 139366
368397 2001 368397
451523 400192 451523
485141 178033 485141
498453 310298 498453
941002 890495 941002
260838 244064 260838
388469 117032 388469
672607 410749 672607
103638 20116 103638
66640 50357 66640
60605 35505 60605
298886 174837 298886
351374 225499 351374
273463 222451 273463
334751 297701 334751
575849 203905 575849
525281 238629 525281
999070 173670 999070
608913 594360 608913
135016 44024 135016
599002 593998 599002
770976 616322 770976
822217 725435 822217
11477 6152 11477
844007 342333 844007
854680 678348 854680
550157 267560 550157
607132 550242 607132
843873 407812 843873
234437 192197 234437
401837 159077 401837
747173 703770 747173
721967 645778 721967
811359 594002 811359
546506 324041 546506
868408 613196 868408
37903 34627 37903
959811 182340 959811
306738 150294 306738
698673 268510 698673
202255 138499 202255
394441 50755 394441
574116 58780 574116
92653 44197 92653
256219 211963 256219
915915 184470 915915
131238 81883 131238
460172 142651 460172
385436 169800 385436
32293 318 32293
52110 6356 52110
43890 669 43890
778606 219558 778606
111180 52019 111180
536735 377394 536735
415630 212573 415630
602544 451008 602544
680337 491487 680337
739790 90988 739790
657478 94184 657478
667838 34432 667838
689058 473453 689058
951960 15318 951960
211213 95922 211213
245472 106431 245472
666650 500544 666650
826802 635419 826802
796534 518718 796534
19304 4865 19304
834553 817051 834553
940953 583139 940953
540758 197182 540758
577466 447909 577466
592487 289488 592487
711178 675082 711178
189757 119834 189757
976842 734910 976842
170966 51585 170966
265004 237096 265004
644392 55036 644392
825070 624262 825070
891850 316242 891850
888623 125731 888623
593993 524552 593993
635491 359597 635491
66204 50146 66204
818113 293009 818113
493760 11884 493760
773482 674351 773482
913420 619051 913420
87403 18501 87403
963268 456745 963268
746424 268715 746424
388831 35700 388831
618053 455512 618053
195912 72529 195912
789057 155278 789057
740642 120154 740642
847200 680017 847200
128033 26905 128033
934045 156502 934045
206189 91162 206189
1574 205 1574
414017 244717 414017
3300 319 3300
29656 21306 29656
650137 96540 650137
357936 201980 357936
324018 103821 324018
846091 69684 846091
52193 30509 52193
283747 160861 283747
948953 370514 948953
420081 137986 420081
807476 322802 807476
746628 223617 746628
820093 463763 820093
362334 205715 362334
350758 155231 350758
107903 33384 107903
30836 6349 30836
239662 109741 239662
664944 124979 664944
602163 107264 602163
407444 391403 407444
247895 68210 247895
