173
262007 232341 262007
624340 250648 624340
491449 103060 491449
599352 337454 599352
146539 52045 146539
386200 344529 386200
567495 129186 567495
169657 64463 169657
93452 31761 93452
341347 64650 341347
660774 27013 660774
588225 282789 588225
400830 207555 400830
739272 95272 739272
888617 743425 888617
100681 70209 100681
284411 264324 284411
932088 304648 932088
917306 265881 917306
633309 289505 633309
502998 293919 502998
632114 327601 632114
935277 672819 935277
200182 172757 200182
60613 34087 60613
718897 339874 718897
661110 572088 661110
838630 155098 838630
106564 56671 106564
192903 185926 192903
506856 320676 506856
826781 817818 826781
809722 97133 809722
463479 308927 463479
871051 503456 871051
695328 282851 695328
838861 24625 838861
385497 355404 385497
988539 98811 988539
741440 304424 741440
18250 7469 18250
479741 420637 479741
197787 39017 197787
122271 83177 122271
476114 68292 476114
147931 48568 147931
271107 158918 271107
613700 564942 613700
624151 325249 624151
252467 232201 252467
99254 49557 99254
700211 12998 700211
203805 193339 203805
545311 164802 545311
924911 577567 924911
435921 146917 435921
280885 207646 280885
153618 35798 153618
892748 502508 892748
88487 18047 88487
482793 429407 482793
33465 22871 33465
116339 14389 116339
541138 425758 541138
287691 197911 287691
710697 478262 710697
21835 6084 21835
92671 83911 92671
275995 117125 275995
593051 285558 593051
785278 396583 785278
870925 811401 870925
329733 192590 329733
392191 323819 392191
180570 132410 180570
654631 648303 654631
511360 100113 511360
472807 286394 472807
185375 135244 185375
789567 734205 789567
537849 413546 537849
529474 514308 529474
981005 333536 981005
612597 302579 612597
969560 784577 969560
493157 240832 493157
102956 62014 102956
112544 91412 112544
159188 31762 159188
684689 350740 684689
744831 425514 744831
855108 322779 855108
48986 8829 48986
959154 403053 959154
643101 12034 643101
388518 276413 388518
906101 378547 906101
250387 103477 250387
997696 511844 997696
940373 450795 940373
187821 51946 187821
8965 8262 8965
791083 208906 791083
863905 695772 863905
135975 47563 135975
271508 163622 271508
474192 115862 474192
739032 93649 739032
55188 34456 55188
608033 422911 608033
703486 65186 703486
879395 356827 879395
697939 487248 697939
140120 112271 140120
334888 255317 334888
768153 549727 768153
933072 434559 933072
448952 42471 448952
428336 201194 428336
546764 131762 546764
972572 322679 972572
483294 241553 483294
934038 921497 934038
890140 566011 890140
827105 478715 827105
388035 359014 388035
961446 215091 961446
453438 391328 453438
630751 45529 630751
491078 237745 491078
974793 63190 974793
786066 770110 786066
933863 309839 933863
692914 607668 692914
959826 579116 959826
837871 86355 837871
147611 135381 147611
363237 78635 363237
223782 27005 223782
300783 188252 300783
685922 148688 685922
599034 186800 599034
435867 166355 435867
894359 339193 894359
147332 117647 147332
529675 186083 529675
809538 369797 809538
469050 51431 469050
957160 296224 957160
702205 662287 702205
767300 262620 767300
125017 3165 125017
775000 373372 775000
683992 327194 683992
225778 19923 225778
743816 545759 743816
142492 139225 142492
383250 144128 383250
919528 502185 919528
898428 406678 898428
811027 798889 811027
115766 34523 115766
147766 142013 147766
324538 20550 324538
338994 293031 338994
667312 654561 667312
147362 104454 147362
959458 822439 959458
466836 23676 466836
893278 650213 893278
55918 19171 55918
124325 12339 124325
246589 135015 246589
