153
370 142 348
614 74 497
914 591 132
399 198 63
566 4 366
490 184 36
854 77 542
851 291 673
906 71 771
977 686 204
304 222 215
873 690 800
300 14 182
412 58 141
151 145 91
341 275 95
951 391 868
804 747 107
117 63 61
330 232 276
727 407 513
628 101 253
47 8 45
271 253 199
839 248 458
638 307 39
417 259 256
125 98 2
853 757 81
709 703 361
205 107 193
163 49 81
986 141 642
656 7 628
226 164 97
878 28 832
880 259 805
468 103 112
374 138 176
272 81 115
705 214 580
182 5 144
53 2 29
14 7 10
301 119 120
15 8 5
602 104 145
505 312 346
172 17 28
321 173 11
999 440 344
407 207 229
612 573 546
576 155 18
153 106 113
906 748 61
943 855 807
525 121 303
567 415 158
923 75 872
479 230 311
182 16 60
239 234 105
862 259 702
799 97 733
298 115 132
686 639 309
334 261 33
544 280 187
180 74 129
693 151 372
691 385 63
172 87 20
626 79 341
571 127 53
324 283 32
963 67 620
599 284 179
879 529 131
675 583 323
171 20 126
561 135 444
73 51 69
394 288 203
81 48 75
208 159 59
361 158 185
713 115 398
250 186 168
336 297 308
915 338 25
598 419 136
396 265 364
471 13 228
968 164 617
490 421 305
111 94 71
628 347 531
745 165 395
273 266 127
9 4 5
162 119 71
170 98 10
603 267 504
769 452 304
748 409 311
428 212 393
292 292 104
855 677 753
125 116 16
875 651 524
905 270 750
827 386 253
104 71 93
667 485 126
124 77 68
331 75 139
41 14 32
64 38 61
10 5 8
436 367 91
388 380 198
576 197 576
756 109 704
512 294 355
25 20 2
335 279 54
431 160 366
820 352 653
577 238 197
344 93 312
311 66 17
979 961 647
826 728 195
30 7 29
247 17 44
964 38 501
506 403 497
149 75 29
193 90 30
450 310 303
75 5 73
438 49 436
728 224 340
235 162 22
480 31 419
852 61 519
46 45 24
999 732 254
797 298 8
684 364 541
94 89 57
392 328 203
