190
99 82 45
226 23 15
439 218 3
127 56 119
998 533 866
103 80 55
930 618 14
935 57 173
774 355 561
417 254 400
825 52 696
358 328 328
266 93 209
354 211 130
508 369 323
250 195 23
583 29 433
362 115 104
766 685 47
186 152 10
530 36 490
493 104 466
932 16 347
245 112 184
906 460 97
500 455 327
478 452 60
778 45 412
66 44 15
325 219 302
617 56 15
903 281 140
104 80 98
401 360 210
993 659 856
222 169 55
550 138 446
379 231 285
621 245 346
436 115 138
917 541 742
158 18 92
138 61 98
206 11 7
128 115 77
246 239 129
916 341 5
366 134 204
730 655 232
437 109 384
537 407 1
635 458 373
422 35 288
365 107 190
946 429 655
329 191 293
143 20 136
344 141 19
198 180 163
740 182 496
936 19 873
593 573 556
5 4 1
57 25 17
256 73 233
780 718 217
55 27 4
563 57 291
294 52 76
600 198 271
370 341 232
493 493 27
103 84 25
387 225 88
122 8 51
676 492 274
199 4 45
29 16 7
853 437 19
157 47 22
780 89 347
149 65 35
193 109 46
222 44 80
538 537 16
378 10 305
187 153 187
911 806 159
847 797 802
769 132 478
324 321 270
857 9 221
204 86 157
344 288 178
205 122 175
794 273 5
229 32 196
476 383 404
607 200 459
683 335 108
381 231 56
464 317 442
57 46 6
801 711 723
742 139 29
359 56 123
211 86 140
41 6 33
570 532 350
229 67 155
904 283 131
249 35 105
183 37 106
560 231 405
243 71 53
134 77 86
15 8 13
77 66 70
201 16 92
556 37 134
426 34 132
764 26 93
517 340 20
666 56 409
216 58 31
342 139 314
122 8 24
547 74 262
796 515 588
954 806 326
445 213 219
694 459 517
631 204 394
560 511 490
44 32 42
316 20 35
803 467 614
961 577 240
862 366 360
914 189 307
318 183 159
565 467 378
75 19 12
367 243 196
220 28 79
3 1 3
885 445 51
38 20 26
818 238 397
800 573 696
30 2 20
669 573 519
36 32 13
125 69 75
799 751 419
180 49 2
805 498 281
281 266 138
897 645 671
498 208 3
549 24 328
704 141 153
612 201 41
8 6 4
892 691 737
203 117 182
144 33 142
343 4 158
420 156 256
808 34 571
514 96 245
581 79 415
108 47 15
571 124 469
978 729 166
82 35 67
631 418 309
527 131 152
935 708 422
697 270 383
87 64 84
949 762 14
677 607 565
703 513 333
759 220 234
30 1 1
206 62 38
953 831 924
412 375 380
871 71 341
