164
958 402 819
672 572 423
785 180 17
349 52 122
979 618 432
459 309 448
755 669 229
787 140 193
64 61 47
815 303 66
896 409 3
595 210 512
273 72 108
223 205 54
724 209 461
479 358 164
786 226 109
551 314 210
934 38 441
683 557 288
273 167 225
339 107 292
128 14 33
242 111 211
389 96 184
609 431 608
250 18 163
138 76 60
258 47 138
300 246 239
39 29 30
451 71 276
639 228 174
317 42 277
587 95 520
742 194 638
943 54 683
224 28 164
516 322 80
343 169 193
36 5 28
731 262 457
146 110 80
338 241 88
48 18 19
774 33 169
231 117 157
390 330 15
350 272 183
977 498 928
920 582 135
184 101 79
352 265 49
832 164 606
220 169 99
691 350 281
806 443 489
675 666 564
881 283 124
346 20 100
382 9 150
113 66 73
677 314 342
562 119 396
365 102 155
634 46 338
395 52 26
935 423 836
710 691 76
333 298 194
884 264 153
387 361 267
546 58 254
926 699 917
494 15 491
837 424 600
408 71 269
631 265 11
232 5 32
281 17 80
119 64 53
548 188 540
441 83 76
305 87 17
558 56 108
646 262 548
277 202 159
395 372 356
182 144 109
273 150 68
584 119 371
555 169 137
228 76 226
228 170 133
527 419 249
687 58 115
723 566 363
659 402 157
924 503 895
282 179 181
538 61 440
972 497 264
624 249 221
363 14 284
49 36 8
340 243 192
174 5 66
269 103 86
433 297 57
534 165 367
814 662 277
970 638 643
370 265 57
962 264 171
960 210 939
566 135 408
972 735 110
64 47 38
731 608 7
281 156 250
463 384 50
695 236 692
953 415 785
128 14 68
43 32 40
399 291 85
587 257 59
827 145 155
639 437 433
507 219 507
91 80 80
645 317 351
451 169 384
566 276 426
565 386 273
456 233 228
378 6 110
650 434 75
698 84 40
386 311 286
221 196 54
307 174 86
335 167 70
861 409 796
387 373 24
593 252 387
3 1 2
41 4 31
465 43 410
947 726 547
751 572 119
368 244 128
372 327 106
422 152 120
535 80 185
870 675 98
380 373 313
392 269 241
164 18 59
278 225 274
391 320 256
622 79 176
220 149 206
639 170 250
