192
82094 13203 17609
879154 729326 331588
649483 313829 26546
710605 679364 573550
56300 50922 54993
877567 430376 854124
128739 71564 91828
937704 862815 106220
585751 7067 260135
111913 37773 100557
445621 167455 425789
700603 436749 610671
68436 61139 9897
433519 366504 84491
750661 692881 343713
479553 349902 168153
132232 83715 17876
852393 683664 579707
859292 97804 637226
461679 90333 360536
794050 128699 342004
207483 84272 204413
778902 673781 725885
179062 59343 151979
645951 638143 349269
522713 179787 280409
727954 384987 715030
890861 179558 681071
830318 637236 26871
524548 381686 479807
613643 173316 482354
179696 171938 154877
618214 151901 440187
578678 534885 547852
804396 467615 508900
351668 28728 347789
98060 66977 90697
688661 586325 8287
577528 341454 424728
834059 105518 6090
570165 363435 531040
264171 81116 123504
133031 967 12169
212478 194367 64557
452381 327598 100769
119752 31284 16382
210497 50343 186934
340493 123394 149175
911190 186969 308384
749173 387553 442256
865178 108603 233401
53254 29379 36817
520884 253229 431616
563320 314742 30792
875976 844642 282687
72098 34974 22182
707104 544042 165992
508945 212196 306649
884835 46510 466619
665090 68210 64775
374257 127839 231959
625979 379115 335296
116303 115417 45387
947090 848369 676679
246073 76500 28657
784944 420273 200763
948073 483910 745856
349873 6071 85564
679003 481151 472918
512991 179156 398546
202247 50642 78728
800583 479877 741288
121225 94475 9388
780851 691619 162359
991939 343573 725049
723221 531053 17156
610799 609104 44961
348819 250636 101049
794124 491609 545392
890607 347488 132828
871090 355149 63334
633453 555135 584688
714598 131045 52701
668112 591005 1267
540962 146092 535659
241827 113549 224707
842804 665758 321765
50997 6742 25937
408054 221657 403059
282457 3689 239319
855647 63751 665493
18233 7804 1826
363488 254048 49985
556772 473719 74449
28822 2380 8236
25711 12597 659
848733 211109 393986
962313 573615 879398
716323 667176 498241
306117 23652 36100
728333 658223 476596
701569 145586 239876
542759 337996 171734
373127 207177 316452
6227 2156 2980
433999 153087 83517
896013 442231 532069
3069 2702 2289
103985 23313 63041
509235 420756 395370
109426 38141 24563
775647 233934 580458
657702 201201 159116
470188 439075 292228
881216 634809 709790
464451 102277 207061
945367 451374 458200
715823 476505 428860
794113 198041 147301
137345 119462 124277
511624 10803 10004
288948 105889 28342
3902 712 2284
19973 11453 17556
893933 241869 395238
170954 133584 70027
876748 451540 181390
376397 182335 240323
632215 506987 386620
909578 120821 614389
481900 444026 454537
110215 89565 49242
496093 22549 118317
665938 591711 488688
25582 12579 22759
581250 469987 242019
250588 38788 121316
445962 24556 254198
170439 14636 11002
528003 516152 461636
60593 46295 29202
844930 542389 383862
689363 149237 451050
735241 271750 567017
1808 588 1647
337575 18903 258289
239695 12950 47529
653534 17025 500549
811268 422431 109643
990655 603626 804250
878097 769959 163141
468863 298319 430448
568254 181883 97271
696523 654331 437644
357291 73380 43312
993545 735910 780844
227183 54375 102496
484008 31063 450370
140416 9322 2168
312270 190610 303553
425499 231674 161365
478354 29747 176899
581050 240274 85072
713326 448467 127081
90176 37353 13851
704477 36715 499193
170182 65267 131660
221526 4510 151540
820823 211153 242390
654863 606511 623957
735295 519246 60075
155417 78911 74363
760158 86830 154584
238879 51003 172946
359525 358116 344095
91199 59319 17676
320532 205957 98930
770866 613826 36323
612085 212364 517337
171810 29761 7577
440694 5045 393570
813185 599544 284479
758147 229514 152373
843832 148593 7699
766763 361191 692930
916934 893823 739251
771537 769485 573474
590458 261214 186036
857704 365116 85786
713690 9993 459648
987039 343457 116511
103248 68211 19690
