165
538 460 403
133 58 66
497 190 143
575 268 40
44 15 20
726 377 389
580 310 434
981 202 959
367 17 197
612 343 612
193 134 105
445 220 178
945 548 514
353 259 29
408 340 40
167 15 7
335 9 8
128 31 89
92 26 36
158 156 149
232 153 107
377 197 137
759 539 575
833 31 135
848 31 254
370 73 271
662 189 591
241 12 91
236 107 159
671 222 206
451 390 90
277 132 132
377 369 115
681 520 361
622 428 364
836 574 408
805 494 706
589 418 104
877 816 855
250 45 136
124 38 12
245 200 155
227 152 2
536 112 431
823 566 637
96 9 34
918 114 456
941 675 795
514 24 280
969 336 738
310 181 141
187 74 63
527 111 119
576 304 166
6 2 6
26 13 26
946 571 286
899 775 415
325 15 212
830 127 183
903 114 34
562 429 38
242 94 188
500 151 103
90 60 52
823 706 599
493 183 310
398 138 158
414 195 143
623 500 211
514 161 13
781 746 521
502 132 103
237 126 49
618 56 365
203 62 198
568 500 246
563 402 190
403 34 95
843 618 81
739 570 410
330 273 92
810 520 276
779 527 225
848 76 373
289 12 151
801 569 273
797 612 587
147 43 37
302 234 26
970 770 542
910 907 337
310 69 243
973 239 849
643 519 287
621 314 535
14 5 9
879 306 855
539 315 347
401 152 289
842 17 365
149 59 139
537 372 241
997 405 52
348 1 170
773 217 153
359 160 132
532 342 184
993 87 297
356 184 63
320 219 159
687 215 648
163 92 146
613 505 557
212 48 12
399 241 6
774 754 28
355 65 319
509 59 424
491 291 302
383 43 229
598 533 402
146 59 143
945 272 543
391 223 377
703 478 681
183 137 3
657 395 220
51 10 19
253 114 50
209 23 100
685 134 400
971 175 537
630 491 485
473 134 269
454 450 60
84 68 21
183 61 76
407 259 182
465 39 442
405 146 285
6 4 2
566 495 359
660 86 380
867 150 637
70 56 68
888 646 105
25 19 17
437 1 414
51 34 6
506 255 493
611 65 21
482 228 196
288 7 140
238 26 37
374 78 254
514 97 334
385 278 147
809 164 554
739 48 729
354 96 2
828 688 58
716 100 592
76 66 52
261 131 165
