193
272947 10013 46279
569392 149404 271479
930152 823794 680341
681349 674139 351140
497800 344727 156694
553280 312178 54052
985915 214212 525064
29659 24206 19007
903808 201290 71874
361607 135033 72738
354216 3376 13937
992701 338628 672556
129091 1488 116721
659344 472482 356319
100257 31606 85374
934502 660214 7178
501513 205050 347397
265321 104623 61163
216123 129704 17489
510012 188890 338436
6534 6065 5528
909382 346330 361736
728065 719251 168067
870918 108097 851175
296484 294523 50386
958728 531637 124305
956830 638643 283665
192345 19866 142241
88334 69690 80599
363085 79291 65659
590528 109193 421923
109019 76047 14863
938893 589595 576123
43004 13468 1322
619052 423599 226424
164837 152566 20637
749990 674377 686589
876776 445051 105962
58501 18487 47851
748030 599383 528477
790615 530672 704033
540473 139069 256968
23008 17075 13495
367311 134397 144552
749076 223421 737736
268559 148401 174353
860263 232174 286908
542051 166157 226412
95596 89566 71838
737020 347943 443870
9038 7256 2372
885481 839619 652862
824785 349897 64071
71367 9855 28758
463440 382139 204191
846543 206173 233631
179403 114098 110628
418850 88841 5537
273580 77088 9033
864629 418274 187987
522379 472380 205426
386412 19285 353630
49395 24690 7639
450220 329251 142022
148242 19410 66830
762512 218400 67804
490572 95662 456335
49705 45623 19404
865744 767111 701015
480836 244439 168117
159362 82415 133939
691938 674226 329415
619035 215201 199025
996365 240040 806640
191238 6386 144408
952729 619813 923401
549396 318957 192189
357854 181329 287382
920153 890215 114618
364591 222685 24111
911835 196248 634736
603628 299018 77236
325448 102192 42502
934785 503087 245209
470299 219251 70596
944487 14748 106365
687537 660725 320199
395205 164956 154419
2692 402 2125
299929 161080 278078
635193 309580 517533
563565 561535 433243
471456 115309 374255
440965 300404 179741
405959 389533 199914
63734 36793 36018
144098 39428 81962
686678 126048 203269
741178 344998 720144
656990 317460 433665
464005 243109 296012
321583 272789 114127
921663 757200 326936
399629 221972 11998
751847 30891 498839
169552 53409 84336
121826 56920 42035
158063 31935 92468
636117 265513 266480
992492 823674 124589
75426 10234 42484
829457 460963 149681
374565 244300 161209
519845 345168 168132
749137 311957 694587
983684 547213 364830
717027 137371 178580
636703 76062 624384
137916 83276 3450
256063 72865 118244
291071 157799 190591
878132 713880 72065
613515 461961 195375
452323 389921 224666
868225 687944 828880
783530 713719 396314
745619 691437 391895
931294 931049 282764
27232 10552 18045
774609 567865 274192
863120 336340 546570
756769 102510 500287
809841 574660 566134
911296 119157 485958
9817 825 8354
824546 648284 150325
557740 286844 18889
847574 115532 794437
368464 200509 134733
240172 203497 174106
487895 406968 184526
187056 13501 164013
683465 18463 99416
835334 61510 280620
195212 88592 33082
28586 26816 4613
286437 70083 691
751197 144930 153808
26866 15009 9736
800414 666713 569632
295199 165302 67436
834996 257022 692100
297936 3631 239341
297534 49082 103038
286111 60649 205612
164597 65816 159955
200167 63637 143065
138441 29469 115934
459768 275042 22091
158675 157526 49529
526123 162754 437208
457934 52257 434968
710878 184323 472142
611146 235698 298854
586385 280983 301205
613708 556356 157218
66716 17355 53450
503148 210019 453367
770578 739379 204960
753820 689725 748423
725750 662499 305464
141558 35679 362
253707 217739 183143
196607 115995 121273
870998 499373 114451
439387 408782 202873
963065 844838 103731
728466 100474 118613
3140 315 611
813952 369406 632443
961314 523515 652850
773129 329314 257172
568040 236250 7043
160336 50048 125777
331196 81853 70255
399436 21620 95537
529652 267980 190215
922009 609214 863782
714949 208770 384165
884591 668027 245935
73258 6519 9513
839775 486041 15529
642076 356116 348977
