176
709893 337459 709893
48886 936 48886
716197 61693 716197
379910 84393 379910
855719 80973 855719
322555 301578 322555
732184 363870 732184
788102 381319 788102
428778 367975 428778
675366 156410 675366
50293 31413 50293
904935 360144 904935
836113 541355 836113
388561 150737 388561
465608 175299 465608
472335 230982 472335
705573 480229 705573
746121 337437 746121
393018 55653 393018
86673 70320 86673
75198 40310 75198
774344 46730 774344
825639 491537 825639
130780 76939 130780
250306 202894 250306
611652 437908 611652
110837 75177 110837
509604 115405 509604
897073 330647 897073
510834 294366 510834
219891 114392 219891
734135 428360 734135
618805 556133 618805
590097 60190 590097
544273 464552 544273
820698 540972 820698
258280 133764 258280
105553 47162 105553
150618 25616 150618
822254 549460 822254
828529 448037 828529
187031 48026 187031
351751 127223 351751
642449 315920 642449
964036 298431 964036
265769 10750 265769
536334 436796 536334
514006 73678 514006
912203 888929 912203
672996 72562 672996
366707 258651 366707
584883 44660 584883
618221 552682 618221
776006 101601 776006
705370 511123 705370
656618 13955 656618
274105 201546 274105
152315 104977 152315
800853 284033 800853
665846 609941 665846
225424 77753 225424
215829 74066 215829
403899 256611 403899
408440 155261 408440
819547 754796 819547
181492 69307 181492
347678 35827 347678
576382 370861 576382
973158 788781 973158
204974 117986 204974
94083 64826 94083
985366 888429 985366
65853 26211 65853
203647 9196 203647
557547 453803 557547
607941 688 607941
104245 57612 104245
615497 551354 615497
655702 413930 655702
137062 47603 137062
765277 66261 765277
390700 356653 390700
598214 146305 598214
555095 423193 555095
520996 112749 520996
201286 46407 201286
768934 267120 768934
14396 4430 14396
89986 77456 89986
796557 459072 796557
316306 132991 316306
358303 46937 358303
171080 6389 171080
642185 352218 642185
212759 148071 212759
185998 135815 185998
776096 674544 776096
814378 12987 814378
909931 657706 909931
552262 8959 552262
429994 427108 429994
669912 4608 669912
257382 121256 257382
774608 771592 774608
425237 416622 425237
799519 689327 799519
989041 548706 989041
614400 370148 614400
774740 160410 774740
158468 74995 158468
418996 155556 418996
288896 247827 288896
191572 179872 191572
241589 226569 241589
477688 156788 477688
453568 72570 453568
854163 724087 854163
964758 216369 964758
832451 315870 832451
547228 51312 547228
905645 470341 905645
256712 86666 256712
442379 92647 442379
150076 60014 150076
21989 10807 21989
787227 644956 787227
148139 6648 148139
364469 1115 364469
283298 169216 283298
814556 752577 814556
510505 161684 510505
833841 824173 833841
970827 53482 970827
178845 99748 178845
748854 440708 748854
589739 514867 589739
17369 14642 17369
537136 368443 537136
247088 107197 247088
438316 388280 438316
785639 211850 785639
224404 170552 224404
527155 241198 527155
918166 56083 918166
122675 30348 122675
134719 69959 134719
924219 759631 924219
312633 33729 312633
297422 33432 297422
227388 143101 227388
649758 22520 649758
986529 935789 986529
10763 418 10763
648488 517595 648488
598834 583001 598834
851085 503313 851085
225172 10858 225172
869233 433706 869233
664089 418186 664089
893036 636935 893036
370631 276612 370631
123730 27437 123730
986172 635127 986172
961488 803126 961488
228522 138873 228522
536129 480617 536129
990397 281259 990397
92344 75936 92344
895456 198240 895456
163173 132463 163173
817458 398344 817458
676655 5698 676655
965166 22758 965166
210145 187875 210145
362463 125261 362463
61144 40574 61144
