95 99
1 2
2 3
2 4
4 5
5 6
5 7
2 8
5 9
2 10
6 11
10 12
10 13
5 14
10 15
12 16
16 17
6 18
15 19
15 20
19 21
2 22
7 23
21 24
9 25
14 26
11 27
17 28
5 29
20 30
1 31
31 32
4 33
23 34
32 35
22 36
30 37
31 38
5 39
33 40
23 41
27 42
30 43
27 44
38 45
7 46
29 47
39 48
48 49
3 50
13 51
37 52
19 53
36 54
49 55
16 56
53 57
57 58
23 59
44 60
23 61
10 62
19 63
25 64
20 65
56 66
32 67
59 68
42 69
38 70
21 71
25 72
47 73
36 74
44 75
55 76
26 77
49 78
32 79
1 80
35 81
34 82
37 83
79 84
58 85
83 86
50 87
50 88
46 89
50 90
8 91
33 92
44 93
86 94
35 95
59 88 3 46
92 32 51 74
85 56 67 46
29 75 30 50
9 29 67 4
49 16 25 9
12 26 53 11
50 90 58 39
27 66 36 76
74 24 47 56
7 68 35 23
68 23 25 91
87 59 65 34
6 94 24 49
94 38 74 55
30 33 43 10
78 93 88 14
3 38 74 52
93 28 62 31
3 90 2 91
88 79 73 73
16 4 27 81
78 79 25 57
74 49 63 89
9 25 27 72
74 9 2 51
5 47 90 93
44 40 22 59
20 36 28 55
29 80 54 50
88 57 49 92
59 59 16 21
92 24 85 23
35 74 15 53
73 22 79 28
30 53 84 23
83 57 42 9
20 33 1 84
48 1 41 60
3 58 5 61
26 74 92 26
50 39 15 78
16 58 62 29
58 9 14 89
20 88 47 14
27 93 72 72
56 53 4 70
21 62 89 69
19 7 94 16
9 88 76 69
17 15 45 67
77 48 68 51
42 25 65 40
77 37 56 63
24 8 69 24
15 69 36 23
47 42 44 83
21 91 42 37
27 14 53 20
63 11 1 7
32 24 42 94
36 69 57 87
3 74 81 25
82 11 43 90
48 9 40 72
36 79 47 73
36 51 45 61
46 76 85 37
21 3 2 33
72 49 9 38
95 62 50 74
75 83 45 59
38 68 85 33
81 63 53 72
24 62 88 27
13 5 63 18
56 64 32 85
71 85 59 82
53 75 76 94
80 1 67 45
81 94 61 75
92 75 42 77
6 58 44 14
52 24 79 53
22 29 90 1
18 54 92 60
64 30 62 14
48 10 58 68
4 57 13 88
83 32 80 14
66 26 29 67
76 20 55 22
31 70 95 39
26 58 71 17
17 52 45 87
40 21 32 84
10 3 29 24
76 81 32 44
44 43 55 69
