721 706
1 2
2 3
3 4
4 5
4 6
2 7
5 8
8 9
1 10
6 11
9 12
11 13
12 14
2 15
14 16
4 17
12 18
13 19
10 20
12 21
21 22
3 23
18 24
4 25
22 26
25 27
27 28
28 29
26 30
17 31
14 32
6 33
32 34
5 35
9 36
30 37
13 38
33 39
10 40
7 41
29 42
18 43
14 44
38 45
22 46
35 47
37 48
36 49
12 50
49 51
1 52
44 53
14 54
31 55
5 56
51 57
4 58
34 59
44 60
6 61
17 62
17 63
30 64
35 65
49 66
38 67
24 68
26 69
30 70
62 71
56 72
40 73
69 74
62 75
61 76
44 77
26 78
56 79
6 80
21 81
19 82
64 83
18 84
58 85
31 86
5 87
56 88
86 89
85 90
59 91
56 92
56 93
61 94
84 95
82 96
46 97
83 98
57 99
29 100
90 101
54 102
102 103
66 104
92 105
36 106
51 107
7 108
107 109
95 110
17 111
54 112
94 113
28 114
76 115
7 116
58 117
26 118
60 119
113 120
11 121
121 122
108 123
2 124
18 125
15 126
101 127
123 128
86 129
51 130
65 131
69 132
109 133
52 134
97 135
102 136
36 137
9 138
96 139
17 140
135 141
40 142
3 143
26 144
85 145
140 146
139 147
51 148
67 149
15 150
69 151
24 152
39 153
77 154
120 155
33 156
70 157
55 158
72 159
117 160
11 161
81 162
53 163
95 164
27 165
111 166
151 167
88 168
136 169
139 170
129 171
126 172
110 173
78 174
159 175
90 176
172 177
42 178
52 179
65 180
5 181
64 182
94 183
88 184
118 185
61 186
105 187
79 188
22 189
64 190
42 191
61 192
175 193
106 194
51 195
37 196
35 197
105 198
88 199
19 200
5 201
64 202
151 203
111 204
62 205
126 206
67 207
28 208
141 209
116 210
87 211
64 212
25 213
80 214
175 215
203 216
122 217
151 218
71 219
72 220
192 221
187 222
125 223
59 224
74 225
60 226
219 227
3 228
75 229
172 230
104 231
175 232
142 233
61 234
155 235
158 236
115 237
70 238
120 239
227 240
59 241
69 242
55 243
16 244
237 245
12 246
220 247
28 248
191 249
163 250
61 251
238 252
120 253
45 254
177 255
227 256
72 257
39 258
23 259
131 260
8 261
79 262
191 263
219 264
89 265
164 266
105 267
207 268
263 269
185 270
201 271
192 272
125 273
71 274
102 275
115 276
166 277
23 278
261 279
204 280
187 281
218 282
233 283
132 284
208 285
103 286
72 287
159 288
278 289
73 290
5 291
197 292
78 293
213 294
229 295
234 296
168 297
250 298
8 299
75 300
276 301
152 302
38 303
231 304
225 305
206 306
90 307
11 308
44 309
151 310
26 311
58 312
28 313
244 314
134 315
258 316
176 317
167 318
41 319
38 320
226 321
76 322
197 323
274 324
282 325
235 326
314 327
215 328
315 329
17 330
280 331
144 332
182 333
242 334
162 335
20 336
218 337
47 338
203 339
170 340
102 341
10 342
84 343
147 344
62 345
267 346
112 347
260 348
290 349
190 350
76 351
270 352
337 353
182 354
109 355
173 356
74 357
259 358
54 359
71 360
335 361
112 362
244 363
116 364
307 365
30 366
244 367
131 368
163 369
231 370
95 371
338 372
88 373
315 374
44 375
364 376
318 377
40 378
169 379
34 380
192 381
120 382
32 383
69 384
319 385
271 386
351 387
31 388
273 389
249 390
369 391
365 392
215 393
200 394
326 395
281 396
89 397
256 398
324 399
384 400
220 401
243 402
376 403
375 404
43 405
340 406
318 407
43 408
322 409
3 410
408 411
237 412
332 413
369 414
321 415
208 416
228 417
111 418
338 419
65 420
359 421
333 422
305 423
381 424
97 425
32 426
277 427
404 428
140 429
417 430
353 431
147 432
406 433
124 434
118 435
335 436
147 437
142 438
146 439
9 440
211 441
230 442
417 443
343 444
314 445
385 446
37 447
330 448
444 449
146 450
115 451
35 452
107 453
318 454
106 455
121 456
347 457
292 458
298 459
311 460
306 461
200 462
160 463
312 464
256 465
42 466
121 467
463 468
85 469
166 470
338 471
47 472
333 473
62 474
49 475
281 476
104 477
405 478
74 479
41 480
467 481
43 482
212 483
347 484
283 485
53 486
481 487
233 488
421 489
192 490
381 491
425 492
185 493
193 494
243 495
208 496
208 497
325 498
253 499
59 500
317 501
26 502
500 503
465 504
278 505
122 506
272 507
241 508
78 509
168 510
175 511
328 512
257 513
197 514
209 515
461 516
494 517
464 518
132 519
439 520
256 521
496 522
373 523
359 524
485 525
80 526
519 527
100 528
192 529
438 530
438 531
99 532
2 533
8 534
284 535
215 536
308 537
57 538
306 539
42 540
406 541
77 542
164 543
60 544
179 545
230 546
396 547
225 548
468 549
458 550
328 551
185 552
63 553
288 554
235 555
153 556
420 557
96 558
260 559
1 560
234 561
29 562
94 563
85 564
300 565
340 566
527 567
444 568
459 569
252 570
24 571
227 572
158 573
246 574
196 575
225 576
371 577
383 578
341 579
190 580
324 581
469 582
23 583
122 584
544 585
159 586
143 587
250 588
460 589
499 590
109 591
420 592
209 593
255 594
221 595
354 596
276 597
352 598
518 599
262 600
185 601
407 602
138 603
9 604
524 605
414 606
177 607
477 608
162 609
506 610
204 611
64 612
116 613
25 614
533 615
264 616
364 617
285 618
266 619
173 620
269 621
600 622
332 623
140 624
452 625
421 626
473 627
581 628
580 629
219 630
319 631
56 632
472 633
339 634
571 635
613 636
148 637
540 638
23 639
130 640
36 641
264 642
219 643
318 644
141 645
346 646
320 647
278 648
366 649
556 650
465 651
539 652
593 653
235 654
650 655
52 656
561 657
356 658
128 659
509 660
457 661
130 662
278 663
124 664
39 665
640 666
225 667
323 668
320 669
588 670
475 671
381 672
185 673
71 674
164 675
519 676
195 677
125 678
654 679
4 680
448 681
601 682
414 683
282 684
318 685
321 686
256 687
306 688
227 689
370 690
84 691
93 692
252 693
680 694
477 695
688 696
62 697
263 698
498 699
212 700
296 701
395 702
75 703
602 704
45 705
492 706
154 707
182 708
8 709
149 710
361 711
520 712
158 713
111 714
254 715
513 716
137 717
664 718
240 719
599 720
533 721
147 73 417 678
204 403 331 431
629 710 47 661
162 388 417 566
475 344 288 413
542 515 675 49
150 140 97 179
336 650 510 250
617 86 703 248
392 346 168 154
519 18 627 276
513 279 496 463
215 537 708 21
83 548 307 344
592 540 139 111
689 640 611 271
42 16 210 240
207 320 488 80
485 471 243 167
83 495 35 379
97 449 717 500
414 462 664 299
33 660 717 332
400 554 264 117
108 428 139 524
117 75 682 344
578 434 304 570
99 517 323 344
676 40 525 184
442 236 608 714
422 593 707 28
158 364 701 330
19 688 195 560
194 37 173 506
390 613 211 368
308 625 690 445
62 256 186 173
147 542 660 129
269 667 676 393
229 614 331 321
478 11 620 468
260 337 293 500
618 403 231 380
54 683 510 195
448 212 494 103
553 144 112 624
34 624 581 561
506 416 339 321
616 237 491 217
658 76 588 581
714 718 208 411
56 701 238 661
17 658 161 17
510 31 38 564
380 540 148 695
285 638 529 547
115 180 650 170
226 226 440 668
209 61 285 270
583 572 218 465
485 126 459 380
537 282 200 110
432 199 377 549
145 522 260 475
382 291 381 393
166 718 593 282
11 275 444 375
561 706 511 432
557 556 375 77
243 412 687 498
272 269 256 110
550 41 307 504
102 500 415 556
318 270 256 189
459 315 661 600
319 281 2 49
219 308 185 529
713 421 519 518
352 210 646 574
625 431 704 214
191 176 196 363
78 550 154 486
233 612 479 522
454 627 251 401
599 639 174 104
697 528 87 298
347 486 310 14
200 716 498 333
197 619 520 183
503 367 371 497
456 372 266 444
553 81 713 433
22 432 40 401
617 309 443 345
223 537 183 94
165 417 287 383
223 446 407 454
360 230 382 707
368 100 175 694
530 621 474 10
370 460 668 573
264 77 40 349
260 578 224 405
479 537 262 580
425 69 310 526
38 346 143 701
93 308 558 456
698 614 89 670
691 140 70 689
439 565 40 607
406 428 488 47
532 278 304 123
519 194 254 449
271 566 1 280
423 687 235 410
120 627 129 537
14 450 131 658
122 313 444 591
711 478 277 488
513 60 166 451
123 96 489 235
579 109 453 663
307 648 523 619
347 95 285 524
152 282 86 616
285 231 78 436
306 716 253 481
275 610 134 366
34 567 674 681
439 406 388 351
230 154 632 239
257 464 20 149
369 384 274 81
183 90 707 657
38 391 324 19
82 199 121 359
634 499 557 161
473 39 96 404
521 665 292 479
225 185 406 269
375 536 387 495
20 30 59 243
289 119 74 92
326 285 448 78
660 406 499 270
603 173 496 375
110 651 701 340
341 377 34 530
597 205 697 378
599 236 305 280
200 606 371 266
91 348 674 688
124 644 446 490
7 661 95 636
58 325 497 596
638 109 433 534
152 571 337 436
356 12 528 370
439 612 406 317
372 719 185 379
100 39 45 44
693 381 288 283
327 491 104 23
103 712 122 501
284 370 19 276
315 236 356 544
356 199 406 462
246 473 99 675
163 51 415 6
717 421 657 638
415 441 44 14
88 683 395 53
274 101 487 416
570 29 712 148
580 213 72 367
469 705 667 126
146 514 358 594
178 72 104 141
495 240 322 208
4 169 529 35
58 10 211 454
440 605 40 137
452 354 480 145
32 247 134 287
196 92 278 409
345 31 376 515
252 45 196 205
326 553 222 28
433 586 276 550
272 250 187 620
48 356 97 124
474 277 171 203
502 267 93 106
498 336 141 570
393 568 641 451
389 485 238 382
130 409 560 581
36 328 27 688
365 60 673 220
539 294 110 80
367 100 700 412
600 167 9 351
504 113 231 370
159 322 315 537
353 540 6 278
426 193 477 600
204 344 8 86
299 717 440 400
628 312 136 303
326 633 386 25
565 536 48 276
453 79 402 353
630 415 616 697
294 397 500 407
88 714 243 461
603 282 379 497
17 207 470 563
331 526 93 622
316 530 148 155
687 704 104 419
496 264 505 10
565 638 47 415
620 34 285 175
243 47 676 303
126 449 588 565
146 623 248 112
337 293 104 429
242 213 244 344
418 693 299 528
59 138 331 686
683 245 156 320
92 362 211 213
411 473 278 166
366 488 263 258
227 524 8 267
639 268 450 177
578 233 428 147
596 655 34 628
59 118 64 155
192 79 358 677
493 315 273 385
173 348 267 307
213 130 157 375
699 489 104 230
526 695 288 358
172 262 340 171
145 611 138 52
579 279 118 696
689 71 638 588
5 116 253 109
398 449 699 489
489 55 603 359
463 158 194 47
444 94 406 515
154 710 41 468
413 483 107 700
628 106 155 311
114 158 458 8
673 674 263 8
458 383 653 13
226 99 507 442
423 118 85 310
171 109 437 160
572 718 32 2
384 474 186 133
299 340 38 694
608 407 467 466
59 625 394 325
599 262 550 391
258 151 42 415
76 155 230 352
294 450 711 211
350 684 472 662
441 543 74 535
126 642 57 145
220 635 283 518
314 55 140 79
585 224 49 354
188 71 488 12
155 484 291 213
601 512 317 556
381 719 442 193
238 83 621 320
681 433 183 392
548 621 482 1
136 149 529 149
373 637 37 77
532 357 311 549
643 406 651 315
497 256 282 208
281 189 105 84
476 94 18 498
40 274 415 160
79 482 278 712
34 54 449 455
389 536 470 27
138 1 489 241
316 123 392 307
388 666 642 356
418 332 467 359
473 620 252 475
3 274 412 284
271 338 61 538
571 581 579 188
320 106 341 46
373 123 477 482
395 639 284 502
688 90 265 515
596 575 357 614
476 283 118 239
537 124 405 431
90 10 702 118
530 360 313 509
180 704 117 388
396 578 240 710
128 424 358 535
150 532 627 368
58 584 249 643
154 449 38 646
607 197 188 720
686 291 506 486
401 428 315 448
410 148 99 8
553 421 678 533
248 294 151 661
603 612 446 658
217 53 185 620
155 217 166 296
427 270 614 707
591 27 312 406
173 547 291 711
53 508 531 577
496 368 322 457
664 162 121 25
433 432 40 408
131 135 651 230
614 327 598 26
15 466 214 365
270 584 521 169
506 372 499 42
459 123 518 713
256 194 500 24
197 136 30 93
33 626 233 50
627 456 569 651
319 292 377 629
593 389 422 313
625 596 627 366
482 49 277 401
613 54 101 617
694 483 634 386
721 707 476 321
374 505 464 509
484 407 397 615
327 375 402 72
195 243 597 538
199 224 225 710
69 487 300 631
66 530 225 234
372 694 246 502
298 634 565 688
437 475 348 34
583 406 592 720
355 230 63 601
432 573 716 611
424 356 706 496
335 495 471 87
176 320 125 654
692 665 78 399
11 684 275 627
634 178 512 617
693 360 486 559
143 111 715 541
441 414 356 13
510 36 268 391
410 202 552 16
529 271 567 429
697 87 464 134
651 504 279 241
128 693 395 702
671 16 638 396
521 101 600 433
480 186 369 260
230 408 480 351
342 73 321 458
586 688 211 298
69 130 307 171
596 684 554 109
617 451 409 472
318 429 175 604
140 366 68 214
318 174 249 97
322 237 424 50
407 26 552 505
700 495 592 111
486 61 495 31
280 477 371 707
26 428 621 157
40 246 603 527
140 116 415 158
276 425 87 280
258 520 119 212
333 318 8 459
496 701 193 564
721 366 113 42
554 651 651 317
514 608 284 101
128 307 706 191
187 192 204 365
80 489 705 17
536 80 346 669
463 713 69 644
240 503 161 630
481 477 446 257
103 225 238 72
557 122 469 664
173 528 362 685
222 715 222 169
522 383 105 67
636 344 329 685
353 456 69 101
426 565 704 2
117 259 155 268
563 65 298 720
275 115 290 221
478 452 559 258
429 616 184 160
545 384 375 572
457 488 459 706
708 490 658 549
328 63 612 614
190 147 474 3
376 76 442 360
64 658 534 64
149 197 341 126
93 391 373 525
181 207 382 208
572 180 150 534
191 397 625 552
240 209 456 31
33 426 452 159
600 324 255 339
686 204 326 222
345 689 49 609
601 286 586 94
152 451 169 617
606 617 401 426
608 699 576 89
367 57 169 322
55 48 286 601
363 92 540 321
193 214 678 445
389 131 631 224
622 191 380 207
583 567 304 676
67 462 103 113
318 342 89 54
690 201 709 655
58 328 117 483
151 139 496 570
414 519 543 366
660 266 491 539
31 85 190 440
568 552 546 285
561 307 59 284
281 436 647 593
429 148 697 652
697 694 418 329
541 6 124 51
677 327 129 161
471 370 15 304
587 468 669 368
237 176 295 453
585 569 639 433
24 501 641 682
305 215 180 342
138 657 377 71
633 306 362 168
699 590 395 259
457 131 111 61
338 122 17 381
70 615 78 677
491 336 392 151
108 138 33 403
640 79 314 72
468 654 27 652
284 54 568 59
47 498 574 410
536 479 345 358
525 369 695 44
150 321 27 709
484 321 709 303
675 624 438 180
641 554 513 313
111 517 588 55
569 462 255 607
630 663 130 488
332 383 311 440
14 112 165 358
637 54 508 362
638 424 81 183
420 324 133 440
140 263 430 692
645 34 673 660
502 27 564 181
672 118 632 612
172 602 258 467
681 163 560 270
176 596 201 469
462 702 538 228
497 86 499 213
71 257 596 336
406 562 69 558
663 590 21 676
465 114 222 450
609 92 613 614
66 629 721 57
698 63 103 81
695 104 584 697
275 400 242 208
8 659 431 126
39 372 16 620
219 556 383 522
511 105 691 297
107 181 386 215
247 333 632 701
55 555 17 24
213 20 126 239
443 60 587 12
52 281 214 686
404 96 458 164
669 371 634 645
317 304 624 6
229 40 77 485
260 444 682 509
625 477 596 92
691 238 716 718
144 558 443 676
1 98 3 390
263 376 16 622
422 688 489 522
437 456 442 485
77 388 57 56
23 33 495 136
457 64 242 410
658 343 398 574
469 442 512 269
126 690 550 147
413 618 147 698
122 109 553 574
59 144 585 154
356 441 408 536
212 306 163 427
107 180 182 297
682 363 711 228
535 49 192 399
594 567 81 115
479 344 523 294
41 407 708 171
24 720 591 107
587 294 57 327
546 83 575 341
186 574 339 270
450 76 124 503
660 44 63 634
176 344 308 122
299 372 457 311
498 282 560 203
671 11 9 501
479 185 19 183
307 71 690 146
67 300 570 371
699 230 538 1
543 171 646 688
293 569 170 291
279 357 12 110
419 580 388 138
700 606 28 696
205 525 169 131
402 409 107 223
659 389 142 226
549 361 91 170
58 190 110 639
27 94 83 569
601 45 571 649
185 341 155 247
697 355 614 274
381 168 170 187
378 279 698 687
556 464 187 160
535 658 220 399
609 617 410 657
716 456 511 524
621 306 391 476
631 158 565 35
219 584 286 52
223 211 390 24
312 164 345 267
552 277 215 297
709 425 164 693
512 525 355 612
688 254 80 688
525 478 308 154
701 676 525 245
168 425 609 363
510 155 21 459
101 162 489 616
268 463 651 414
40 482 277 131
701 318 152 140
658 380 330 587
572 222 262 390
269 438 271 402
104 412 47 91
626 332 456 279
376 717 605 361
14 305 384 683
535 442 64 291
192 450 628 479
464 699 127 36
196 659 428 718
190 594 284 321
33 122 234 145
361 653 534 691
457 24 34 549
267 221 708 577
363 228 564 259
561 677 31 653
488 388 71 134
648 120 405 518
339 677 266 533
322 686 475 84
177 408 201 511
74 597 476 389
262 561 704 404
317 605 443 428
716 558 26 452
74 486 343 243
168 527 362 595
229 325 464 661
595 256 375 228
372 491 412 473
169 518 195 548
607 308 622 607
206 64 89 680
717 436 369 370
599 617 407 418
167 559 112 606
402 667 560 24
467 360 34 136
462 618 594 182
26 625 389 105
478 79 273 80
526 300 714 298
22 502 720 655
300 690 37 715
269 155 74 665
276 244 32 599
226 149 150 319
589 226 470 63
461 133 153 163
295 365 264 282
374 524 719 705
226 11 349 674
381 550 211 446
522 341 442 712
401 634 477 426
556 411 681 220
475 537 221 686
635 442 203 166
180 330 511 213
650 595 318 341
336 563 85 655
382 468 143 40
339 307 306 410
66 171 658 387
627 11 618 39
232 472 66 514
417 696 117 288
55 612 184 498
50 180 451 581
75 165 624 603
157 255 499 390
6 353 356 255
258 677 569 688
519 353 9 215
261 125 39 520
223 166 194 196
543 554 498 140
517 68 20 320
487 70 691 117
449 375 333 476
655 372 575 282
89 209 63 222
146 219 497 292
385 645 672 587
497 589 233 284
684 295 304 711
622 265 136 208
206 510 678 299
591 691 654 232
182 431 175 463
468 513 194 62
422 341 246 50
66 39 45 302
211 127 74 283
