90 75
1 2
1 3
1 4
4 5
2 6
5 7
1 8
8 9
5 10
8 11
3 12
3 13
5 14
12 15
15 16
9 17
12 18
10 19
1 20
8 21
16 22
8 23
10 24
17 25
15 26
16 27
24 28
8 29
25 30
2 31
14 32
4 33
21 34
4 35
24 36
3 37
15 38
29 39
29 40
28 41
37 42
41 43
35 44
28 45
2 46
16 47
1 48
26 49
25 50
5 51
42 52
43 53
31 54
20 55
34 56
53 57
45 58
47 59
44 60
17 61
31 62
27 63
37 64
39 65
23 66
64 67
39 68
26 69
46 70
34 71
30 72
21 73
10 74
70 75
30 76
58 77
62 78
46 79
14 80
55 81
26 82
80 83
29 84
29 85
15 86
50 87
24 88
23 89
80 90
42 1 80 42
9 37 38 35
47 37 29 83
4 84 20 9
23 51 24 29
8 71 25 85
79 59 76 37
53 54 55 54
52 86 83 2
24 32 43 85
33 33 82 73
17 27 17 4
79 3 14 52
29 62 22 84
26 33 58 88
82 49 2 4
37 90 87 51
72 21 8 81
40 77 3 70
87 35 89 32
10 32 39 89
48 20 2 49
77 82 14 81
7 5 28 31
4 2 65 7
82 15 10 60
70 43 12 44
48 39 47 42
39 72 29 33
27 55 7 66
69 64 58 12
4 20 39 34
5 4 89 50
56 29 50 8
61 51 51 49
5 77 77 60
84 41 58 67
36 9 31 55
17 57 15 37
69 86 23 85
19 81 78 56
35 23 2 67
77 55 81 35
78 48 84 21
18 78 77 69
7 40 16 90
67 15 7 34
75 61 41 41
55 82 33 78
11 1 88 37
48 30 9 58
12 29 30 73
47 89 12 28
61 90 46 19
31 16 18 55
27 78 7 54
55 75 60 54
80 69 80 16
66 49 61 17
25 22 90 20
63 51 14 90
27 33 53 84
83 22 50 10
23 31 30 53
84 13 16 67
24 72 28 40
75 20 73 62
63 14 10 31
77 76 3 24
79 62 75 31
23 67 43 22
31 1 52 10
8 6 17 75
37 39 28 43
55 41 19 74
