500
8
24
29
4
29
8
1
18
7
25
23
40
1
17
12
14
6
21
21
21
12
30
1
22
39
12
13
32
6
4
7
1
36
31
16
17
26
11
27
3
3
18
38
16
35
5
33
12
26
13
21
15
7
30
4
1
1
21
33
21
31
20
15
35
20
24
16
13
20
29
10
11
35
3
14
39
26
3
12
17
27
14
17
27
27
28
16
30
27
11
40
14
21
26
1
18
25
3
14
25
38
20
10
33
36
39
7
19
26
35
22
35
27
16
13
3
40
26
25
10
3
19
33
20
25
33
32
13
18
27
12
36
24
13
27
20
22
24
14
20
1
22
10
34
4
15
15
18
5
11
39
5
5
40
16
4
15
26
23
22
38
40
15
40
23
37
27
20
25
10
28
10
38
14
30
8
31
35
13
11
5
15
32
13
14
7
9
24
13
5
26
4
8
21
39
13
34
16
10
8
12
2
11
29
38
16
4
16
39
33
21
20
13
34
9
31
7
17
11
22
9
21
38
26
27
17
17
37
18
17
20
15
40
8
27
23
17
39
10
14
32
29
30
29
31
6
15
37
18
34
38
38
40
8
32
29
17
21
26
32
37
4
3
29
35
21
14
28
29
40
36
38
3
35
8
11
14
22
38
26
37
35
40
22
20
38
38
13
37
40
3
32
14
26
22
20
27
25
5
4
3
32
20
1
19
39
26
7
31
17
16
34
12
39
39
34
19
20
26
15
22
18
30
5
9
15
3
15
25
40
25
27
7
36
10
20
13
18
12
39
26
1
39
30
19
37
40
14
19
18
19
5
21
20
29
13
29
4
13
33
33
5
3
26
28
34
5
34
38
5
25
39
28
6
34
20
33
40
29
30
4
3
27
2
23
31
27
7
1
1
10
38
12
8
39
10
26
2
22
18
26
35
31
39
27
18
24
19
27
17
16
27
37
28
22
19
26
8
33
28
39
2
1
23
21
15
13
8
35
15
26
11
30
35
11
2
29
15
32
7
25
14
30
12
13
40
21
27
37
33
39
40
22
31
6
23
26
20
24
16
38
4
11
3
2
5
4
39
36
16
26
33
29
12
13
2
40
31
29
4
8
10
6
10
28
24
19
20
22
35
27
7
39
33
32
7
2
34
17
5
