1000 588
5786 
8483 
3987 
1998 
3783 
7637 
7881 
4465 
2732 
52 
8815 
2875 
3477 
5991 
4814 
9687 
1658 
175 
3250 
2370 
5141 
8757 
3599 
4582 
5064 
6919 
4927 
9305 
1247 
6667 
1027 
4199 
5252 
2533 
424 
648 
8353 
418 
5580 
1861 
3605 
4304 
6605 
9297 
1728 
8696 
1623 
3640 
621 
2928 
7790 
1033 
6183 
727 
9825 
6722 
5733 
5827 
6841 
9726 
7207 
2111 
1756 
2750 
5321 
8758 
9918 
7848 
2863 
6497 
7962 
6838 
5273 
903 
6747 
8370 
3662 
3525 
8089 
9876 
3711 
7281 
4201 
2180 
1455 
4214 
9366 
5855 
412 
6822 
1279 
5432 
8073 
7581 
9801 
3257 
7627 
9248 
2834 
2446 
4319 
3935 
4462 
5101 
1652 
5882 
7292 
3408 
4999 
8661 
3550 
2766 
3253 
3643 
3090 
3815 
3326 
3489 
8284 
4902 
2597 
6132 
114 
7889 
8799 
5020 
360 
8361 
6162 
5104 
6993 
7321 
6654 
8252 
2740 
6261 
3633 
4251 
3578 
8242 
5077 
3854 
9856 
4196 
196 
6594 
3868 
5919 
4710 
1696 
4778 
4467 
7890 
7644 
143 
2482 
717 
9548 
8383 
6352 
4904 
8721 
9739 
6293 
9965 
6428 
9443 
7210 
2545 
6181 
1110 
4787 
8857 
4675 
6754 
2195 
2527 
6500 
9824 
1140 
7561 
1941 
3139 
3187 
3474 
5428 
2095 
5927 
8816 
2082 
1591 
2082 
6500 
8729 
5591 
4505 
272 
1672 
6593 
4398 
2373 
8565 
6468 
1508 
3225 
8822 
511 
2878 
2825 
3710 
9154 
5549 
1568 
639 
2228 
7823 
2291 
8581 
1175 
6551 
8371 
3602 
1447 
4822 
3678 
1533 
9953 
1383 
1374 
2787 
807 
5639 
7002 
332 
6054 
6966 
9855 
5844 
1993 
9650 
2490 
1152 
6086 
5399 
5888 
5150 
9602 
5762 
4894 
4016 
3891 
2877 
3517 
4150 
9063 
2182 
3502 
6990 
6250 
339 
4050 
2167 
25 
4551 
7573 
7052 
3376 
2348 
7828 
2332 
9853 
979 
1314 
5237 
1501 
1501 
9304 
5289 
7407 
6120 
3978 
1358 
8242 
8493 
4025 
5856 
180 
749 
3829 
3895 
7068 
1276 
7707 
898 
5952 
1828 
9947 
3575 
5657 
8483 
7709 
1560 
2807 
6715 
2819 
5233 
9655 
1025 
6455 
5511 
2938 
9667 
6166 
1097 
5974 
8854 
2433 
2762 
846 
3311 
3034 
3981 
6997 
3106 
5630 
7215 
6504 
3559 
1406 
9992 
269 
4426 
3811 
7703 
6117 
2370 
5240 
9507 
2323 
849 
583 
591 
6182 
6360 
5971 
1584 
5426 
8459 
6122 
8013 
8820 
5353 
9608 
8536 
5664 
9252 
6484 
2125 
9078 
481 
3348 
7100 
8946 
919 
9585 
3734 
4390 
7931 
6946 
9426 
8081 
4090 
3998 
5702 
7004 
9735 
1653 
8594 
2138 
1552 
5728 
3949 
7292 
358 
2989 
7013 
7197 
2805 
5971 
168 
8124 
3844 
2472 
5446 
553 
7040 
2588 
6809 
7525 
8311 
7136 
8585 
2987 
8814 
9607 
2326 
7765 
1197 
9112 
2724 
1197 
3102 
3581 
8874 
8264 
9356 
9225 
6805 
6505 
2497 
1779 
1291 
6052 
758 
2447 
6918 
7344 
1176 
7186 
8289 
3345 
1163 
7054 
6091 
9149 
7207 
6419 
3173 
2468 
5830 
5702 
5419 
532 
4884 
6725 
9909 
5577 
7058 
9896 
2191 
7986 
6833 
7803 
5887 
1065 
2833 
7377 
5355 
8449 
9032 
6909 
6810 
8296 
6162 
4479 
450 
3612 
5506 
3812 
8799 
4628 
88 
9993 
3633 
8202 
5039 
2521 
7281 
1528 
601 
8788 
3349 
6078 
5576 
983 
7705 
5503 
8839 
3139 
5560 
6245 
1390 
5214 
1169 
7556 
4111 
8120 
6575 
2814 
5951 
1593 
130 
8813 
2090 
291 
1644 
8264 
3938 
1796 
8377 
3484 
5321 
3347 
6571 
6919 
2991 
1918 
1381 
5487 
6345 
2002 
7008 
2196 
2948 
1981 
7308 
6112 
2186 
544 
3049 
5217 
3307 
4969 
7188 
204 
225 
7869 
3523 
1791 
7694 
2250 
60 
6042 
4773 
6577 
6785 
6682 
1689 
2654 
1288 
8003 
195 
3708 
5506 
6444 
773 
2860 
3596 
2496 
4655 
775 
389 
294 
3759 
6691 
9094 
3767 
1703 
1128 
9973 
9268 
5956 
2709 
388 
3654 
5339 
4595 
7629 
969 
3597 
1169 
5969 
7483 
7034 
1736 
7008 
1673 
9207 
9468 
7828 
803 
2567 
6173 
812 
2406 
3853 
9766 
2240 
5802 
8503 
4469 
2538 
2511 
8824 
3713 
6878 
8815 
5290 
3322 
4657 
3729 
5038 
2454 
175 
4439 
2077 
4457 
5165 
294 
6401 
4340 
4938 
8321 
9655 
1170 
4995 
845 
7138 
2937 
5744 
8552 
2442 
9632 
5325 
3675 
5753 
5082 
6674 
9762 
8236 
1349 
9419 
4579 
24 
2063 
4728 
1563 
4763 
4870 
3270 
1692 
4239 
4740 
9840 
5566 
8844 
6607 
1609 
3578 
6223 
5289 
2370 
5056 
217 
9246 
5702 
9855 
2048 
3951 
366 
5982 
4457 
7368 
7370 
8588 
9180 
1016 
485 
3673 
8518 
180 
7700 
8083 
8367 
9297 
4122 
8393 
7887 
4829 
8973 
9203 
8764 
9346 
8719 
7019 
1827 
6610 
2631 
450 
8096 
2039 
1348 
4369 
3998 
5331 
89 
8580 
6920 
5217 
6069 
6450 
830 
8589 
918 
8653 
1980 
4150 
5056 
8112 
3552 
8905 
71 
4697 
6321 
395 
3229 
9000 
9851 
6516 
2107 
6496 
2813 
9035 
1120 
6020 
6963 
5904 
915 
3277 
9877 
8129 
773 
4686 
8296 
754 
6936 
8615 
9528 
631 
2143 
9199 
3904 
7997 
3316 
7163 
4867 
6886 
9362 
786 
4224 
9512 
6559 
8291 
3848 
5673 
4166 
1075 
4213 
419 
3901 
3307 
1548 
45 
1012 
9849 
1809 
4905 
2821 
1693 
9176 
5032 
8175 
1046 
1416 
5944 
9850 
6280 
7573 
674 
6893 
3499 
6393 
297 
9287 
7328 
196 
342 
3153 
3618 
7950 
6856 
5422 
7400 
2494 
1816 
2110 
9979 
8351 
9257 
184 
7927 
1334 
4789 
9633 
3922 
4259 
9625 
3933 
7504 
8663 
7833 
4046 
2553 
5819 
8817 
7246 
5125 
2435 
9657 
4149 
3022 
2666 
2739 
8276 
9569 
2158 
7416 
4167 
6531 
2504 
2847 
2132 
5433 
6116 
3251 
6282 
1258 
6223 
8316 
6839 
4687 
6942 
2501 
2374 
4093 
8163 
3780 
2288 
1016 
7518 
9440 
8022 
6909 
5484 
8248 
2413 
4904 
632 
9860 
4373 
4724 
221 
5759 
6379 
3547 
2986 
6562 
5073 
6437 
3409 
2625 
2976 
152 
3330 
6599 
4238 
6429 
1140 
7472 
2828 
1289 
7570 
7000 
5054 
8990 
8806 
4326 
2290 
3398 
6502 
5489 
2067 
7591 
2434 
8004 
4153 
7962 
2744 
360 
2329 
7628 
3443 
6143 
1905 
7320 
3766 
1806 
6881 
8391 
1904 
6689 
9189 
9935 
462 
2054 
2763 
1280 
1663 
6879 
6051 
8687 
5050 
4117 
4258 
889 
657 
1003 
613 
7380 
6226 
3369 
2230 
3421 
1868 
9999 
5834 
6130 
5424 
446 
9855 
5639 
3836 
337 
1691 
1210 
2521 
5575 
522 
5933 
9496 
2593 
81 
1013 
7951 
7996 
5493 
436 
6484 
1197 
4778 
4109 
8667 
4758 
6707 
2776 
6544 
2797 
9986 
8998 
2562 
5851 
2890 
5564 
1077 
1247 
4887 
6688 
6760 
9967 
958 
3864 
5840 
272 
2561 
2768 
7955 
6503 
4548 
9618 
8266 
