1000 385
9353 
8154 
7058 
228 
832 
3058 
2730 
1413 
1880 
1226 
2129 
6874 
4115 
6247 
6082 
4576 
7973 
2484 
233 
6236 
5003 
7535 
9341 
8548 
1311 
1886 
1031 
4687 
2150 
5924 
4172 
1093 
9278 
9394 
4018 
9254 
9085 
7395 
1147 
2809 
8549 
7407 
83 
2450 
7505 
714 
9634 
4629 
754 
8231 
2323 
6295 
2324 
5018 
4927 
2234 
369 
8234 
6067 
1129 
7562 
8118 
8789 
9163 
2139 
3277 
8176 
2039 
2086 
8574 
5915 
5177 
8936 
8645 
7002 
2232 
7289 
5349 
8406 
1193 
5659 
7543 
7162 
8659 
594 
1239 
5433 
9520 
8362 
7543 
1880 
4456 
1769 
2627 
227 
811 
2104 
181 
4749 
2040 
7358 
4982 
8554 
9784 
7217 
8562 
8893 
1612 
4242 
113 
2378 
257 
4988 
6112 
8947 
6260 
2285 
7274 
8822 
4295 
7480 
4283 
5827 
270 
9458 
9168 
6526 
7281 
6913 
8999 
5701 
7136 
3400 
6450 
1007 
9935 
1834 
9783 
9927 
7244 
8212 
6799 
783 
5910 
4890 
6515 
1574 
4303 
2508 
6725 
8713 
1232 
553 
2516 
3038 
7800 
7291 
994 
5729 
1049 
830 
9041 
8237 
1731 
4876 
3070 
6353 
8335 
1635 
5318 
4753 
2109 
533 
9061 
4393 
8034 
7232 
8505 
8145 
5964 
5376 
439 
7950 
9198 
7958 
1509 
891 
8771 
1068 
4881 
6679 
2016 
411 
7646 
6533 
4564 
1019 
8154 
5126 
7876 
3896 
1321 
7119 
9617 
6031 
1307 
3575 
2167 
6863 
2565 
4193 
4794 
5945 
117 
776 
4949 
8213 
9983 
5123 
4570 
3638 
7410 
3607 
8990 
4165 
3359 
6285 
340 
9066 
1507 
9974 
663 
5169 
2648 
9560 
8075 
4052 
4361 
498 
6449 
3168 
1485 
4612 
1287 
6550 
9385 
1651 
4631 
3595 
1392 
1508 
486 
6270 
2577 
7710 
7468 
5068 
4426 
2707 
5002 
3975 
8235 
3519 
515 
4430 
9235 
8861 
5444 
3505 
7883 
7388 
931 
6956 
608 
7652 
9367 
3005 
6810 
9626 
1219 
8203 
5008 
5133 
5815 
3978 
1457 
8478 
6499 
4946 
2318 
8910 
9421 
9604 
2022 
3 
5177 
4410 
5762 
356 
5910 
7291 
8729 
7996 
2087 
1232 
795 
4765 
2778 
3326 
1175 
5801 
6715 
4477 
5173 
2115 
6555 
8462 
7017 
6908 
8089 
3169 
1122 
2538 
3100 
9996 
8863 
3301 
9609 
6565 
764 
8978 
6566 
6823 
6395 
4407 
2236 
8699 
4009 
5330 
7834 
1594 
4525 
3427 
1660 
3592 
5885 
7240 
6161 
9864 
7491 
8772 
9921 
1933 
8121 
650 
5249 
7329 
1772 
815 
5917 
3414 
4804 
9079 
4264 
9347 
8775 
8804 
3925 
6503 
215 
3798 
2123 
7523 
5733 
9172 
9680 
2781 
8376 
9366 
9370 
512 
7858 
1606 
6857 
8039 
9607 
105 
2203 
5184 
8834 
8805 
4644 
4645 
4933 
3754 
477 
9460 
5438 
1474 
2476 
3811 
2049 
4726 
8880 
9258 
9490 
6984 
5720 
9216 
6166 
9406 
7338 
2953 
132 
4933 
8667 
9203 
7703 
8601 
3625 
5419 
2480 
5031 
6303 
9676 
1688 
5593 
6759 
9982 
3272 
1262 
461 
7656 
8924 
157 
2826 
5332 
7486 
8212 
8433 
1128 
8354 
6486 
7612 
664 
3145 
3928 
2750 
5704 
5730 
382 
148 
5224 
7853 
8127 
6023 
2677 
6998 
6936 
9622 
6447 
5997 
207 
3065 
5967 
534 
6588 
3808 
6536 
3403 
7389 
521 
3607 
8264 
8663 
4725 
7133 
7786 
6103 
7892 
4174 
3529 
6230 
1923 
5400 
978 
3335 
5241 
5689 
719 
6952 
1982 
9417 
8593 
7931 
3380 
2981 
8455 
1563 
7886 
7173 
6012 
6985 
8254 
1392 
5961 
6614 
9438 
7384 
2531 
6092 
543 
5296 
3592 
5058 
7923 
1481 
5480 
1726 
6501 
4197 
9081 
3180 
8932 
3215 
5915 
353 
7012 
94 
1526 
7520 
1817 
5415 
2736 
2539 
55 
7883 
2577 
6420 
8436 
6611 
1646 
5383 
8169 
5517 
4411 
6280 
5174 
779 
3226 
3986 
8840 
2896 
709 
6585 
4081 
6596 
6100 
2697 
1133 
6457 
917 
8881 
9066 
9067 
9184 
8785 
9256 
7826 
3108 
2853 
655 
3630 
3614 
1164 
194 
9314 
1604 
3211 
4939 
4401 
2932 
1607 
3563 
7145 
3577 
2066 
9109 
4616 
4395 
9602 
322 
1447 
3384 
5399 
844 
3940 
4475 
5190 
8060 
9450 
6693 
5258 
6886 
890 
9308 
1469 
4681 
9335 
3271 
8965 
1367 
3157 
3164 
7543 
4064 
2391 
4044 
6313 
3423 
2628 
4193 
6241 
9845 
7540 
7189 
6641 
8046 
1276 
1855 
4672 
6856 
8787 
7367 
1614 
519 
3247 
6256 
2837 
2578 
4226 
6305 
4502 
7159 
6750 
9375 
4359 
8183 
2668 
5986 
9755 
5217 
4643 
8188 
8387 
9243 
4812 
775 
4475 
2102 
493 
2719 
5951 
4667 
9662 
3295 
1470 
2194 
2248 
4883 
3552 
7264 
8509 
444 
3742 
5042 
42 
292 
2150 
8653 
5854 
9247 
5120 
6575 
8311 
9922 
2852 
6647 
9317 
4610 
5078 
8495 
3192 
2291 
2373 
3303 
5250 
29 
7655 
5494 
1316 
8761 
9585 
4602 
6922 
1248 
9610 
9663 
1220 
527 
1214 
7852 
7933 
1775 
9094 
1433 
8235 
1311 
3615 
56 
5134 
4714 
914 
5004 
4535 
9289 
9566 
7402 
7002 
5020 
3999 
781 
7203 
3613 
3802 
6748 
5475 
3347 
7489 
4506 
7253 
6143 
7771 
2615 
9120 
4984 
1421 
7624 
9591 
431 
4048 
1164 
4594 
6690 
2338 
4787 
1437 
3158 
9793 
6055 
3422 
8099 
3727 
8750 
1371 
8115 
9864 
3037 
3383 
7184 
5006 
4640 
1759 
3746 
6542 
5719 
5369 
8234 
1099 
5305 
3799 
2456 
8808 
504 
7628 
9869 
222 
6792 
3928 
3001 
5622 
8829 
8119 
9208 
4350 
2379 
4007 
9330 
3503 
3908 
7665 
4349 
9985 
3592 
2004 
7259 
1171 
9773 
4213 
2473 
9402 
939 
3935 
7228 
5762 
1011 
7838 
1780 
9873 
958 
9402 
1019 
9792 
9664 
3736 
5813 
4283 
2896 
6045 
4684 
4283 
6274 
7583 
6626 
8349 
3472 
9450 
9633 
9068 
5698 
3338 
6046 
1056 
4449 
3954 
1696 
9790 
5651 
5635 
5636 
3759 
270 
8276 
8346 
5309 
1703 
4170 
9885 
482 
9558 
5603 
499 
9264 
6233 
4714 
8820 
1558 
8372 
8106 
3902 
5691 
8579 
1967 
355 
688 
4394 
642 
9938 
4089 
1195 
6841 
9135 
1369 
6803 
6324 
7510 
1688 
8292 
491 
1587 
9284 
16 
5768 
2444 
1458 
623 
1722 
5640 
8646 
553 
7777 
2033 
5325 
8056 
505 
5645 
4121 
3225 
6005 
2988 
7339 
5746 
983 
4191 
4645 
8693 
1904 
6491 
1958 
4107 
80 
7690 
1146 
5665 
2345 
3159 
3373 
9350 
2951 
2599 
8603 
3502 
4145 
1567 
79 
1526 
6849 
1358 
2433 
4731 
9974 
8396 
2891 
3208 
3480 
979 
8943 
5025 
9893 
2058 
7901 
7732 
7260 
904 
6365 
2538 
3448 
6353 
6029 
6395 
7983 
3337 
727 
2596 
3408 
16 
6432 
5700 
2744 
4599 
8578 
4541 
1194 
1137 
7534 
3916 
7243 
1880 
7827 
1056 
8229 
2782 
2639 
9825 
3555 
1447 
1235 
8310 
1682 
4342 
8922 
2005 
1192 
3789 
8897 
1184 
4371 
7717 
1900 
1107 
