1000 1000
1 473 
1 286 
2 915 
1 951 
2 180 
1 146 
1 535 
1 881 
1 259 
2 900 
2 584 
1 442 
2 636 
2 607 
2 20 
1 821 
1 483 
1 567 
2 779 
1 699 
1 688 
1 556 
1 209 
1 540 
1 805 
1 169 
2 617 
2 340 
1 867 
2 155 
1 712 
1 875 
1 441 
1 779 
2 46 
2 873 
1 29 
2 938 
1 83 
1 233 
2 919 
1 135 
1 173 
2 60 
2 148 
1 267 
1 716 
2 332 
1 994 
1 213 
1 825 
2 97 
2 717 
2 530 
1 651 
2 26 
1 606 
1 194 
1 906 
2 253 
1 475 
1 485 
2 906 
2 476 
1 48 
1 679 
2 380 
1 60 
2 270 
2 775 
1 300 
1 169 
2 967 
1 992 
2 252 
2 725 
1 514 
2 691 
2 327 
1 995 
1 39 
1 307 
1 93 
1 852 
1 892 
2 603 
1 145 
2 176 
2 286 
2 892 
1 41 
2 195 
1 725 
1 721 
1 715 
2 933 
2 185 
1 529 
1 708 
2 630 
2 877 
1 576 
1 504 
2 121 
1 298 
2 464 
2 231 
2 87 
1 794 
2 756 
1 106 
1 638 
1 677 
1 292 
2 143 
1 946 
1 291 
2 66 
1 744 
2 662 
1 672 
1 527 
2 442 
2 20 
1 863 
2 131 
2 96 
1 702 
2 229 
1 601 
1 712 
2 813 
1 778 
1 885 
1 876 
2 397 
2 602 
1 743 
1 824 
2 644 
1 635 
1 164 
2 654 
2 513 
2 984 
1 326 
2 392 
2 465 
2 192 
1 141 
1 876 
1 464 
2 397 
2 756 
2 803 
1 546 
2 991 
2 536 
1 294 
2 83 
2 382 
1 929 
2 998 
1 447 
2 815 
2 851 
1 689 
2 395 
2 862 
2 408 
1 670 
2 510 
1 389 
1 336 
1 51 
1 908 
2 671 
1 112 
1 616 
1 895 
1 399 
1 475 
1 326 
1 610 
2 463 
1 337 
1 189 
1 387 
2 801 
1 762 
2 401 
1 24 
1 842 
1 18 
2 50 
2 386 
1 834 
2 24 
1 321 
1 895 
1 601 
1 311 
2 301 
2 975 
1 849 
2 295 
1 458 
1 251 
2 265 
1 234 
1 714 
2 674 
2 150 
2 568 
1 529 
1 900 
1 364 
2 975 
2 10 
1 277 
2 259 
2 70 
2 627 
1 749 
1 179 
2 364 
1 826 
1 164 
2 39 
2 233 
1 970 
1 431 
2 127 
2 363 
2 826 
1 561 
2 451 
2 937 
2 418 
2 602 
1 632 
1 663 
1 934 
1 888 
1 916 
2 495 
1 931 
2 962 
2 254 
1 438 
2 397 
1 774 
2 595 
2 264 
1 40 
2 350 
1 112 
2 240 
1 351 
2 63 
2 723 
1 614 
1 640 
1 247 
1 310 
1 846 
1 609 
1 578 
2 687 
1 401 
1 621 
1 17 
1 546 
1 393 
2 224 
2 715 
1 667 
2 554 
2 146 
2 712 
2 748 
2 123 
1 506 
1 524 
2 558 
1 525 
2 869 
1 959 
2 548 
2 980 
2 279 
2 969 
1 944 
1 764 
1 156 
2 951 
1 194 
2 699 
1 34 
1 560 
2 955 
2 645 
2 92 
1 556 
1 479 
1 187 
2 710 
2 9 
2 304 
1 368 
2 772 
2 430 
1 621 
1 528 
1 63 
2 749 
1 262 
1 839 
1 115 
1 728 
2 867 
2 249 
2 745 
1 776 
2 325 
2 305 
1 353 
2 307 
2 634 
1 134 
2 953 
1 921 
2 741 
2 556 
1 716 
2 671 
2 186 
1 85 
1 618 
1 904 
1 515 
1 441 
2 286 
1 336 
2 925 
2 133 
2 110 
2 859 
1 228 
2 679 
2 204 
2 69 
2 531 
2 311 
2 65 
2 250 
1 248 
2 930 
1 981 
2 647 
1 661 
2 362 
1 524 
1 51 
2 905 
1 282 
2 395 
1 90 
2 144 
1 270 
1 560 
2 582 
2 134 
2 144 
2 177 
1 690 
2 143 
1 521 
2 407 
2 956 
1 930 
2 473 
1 677 
1 578 
2 256 
2 323 
1 333 
1 701 
2 885 
2 151 
1 461 
1 747 
1 349 
1 13 
1 869 
1 4 
1 893 
1 114 
1 7 
1 345 
2 995 
1 860 
2 765 
1 153 
1 631 
2 570 
2 629 
1 100 
1 956 
2 786 
1 411 
2 350 
1 854 
1 694 
2 839 
1 39 
1 673 
2 991 
1 79 
2 623 
2 802 
1 657 
1 546 
1 931 
2 384 
2 418 
2 799 
2 294 
1 904 
2 390 
2 480 
2 864 
2 929 
2 970 
2 245 
2 911 
1 834 
1 161 
2 731 
2 178 
2 366 
1 299 
1 286 
2 631 
1 756 
2 16 
1 482 
2 576 
1 293 
2 428 
2 603 
1 394 
1 373 
1 598 
1 86 
1 859 
1 410 
1 825 
2 548 
2 598 
1 796 
2 133 
1 691 
1 727 
1 588 
2 376 
1 423 
1 434 
2 845 
1 338 
2 362 
2 176 
1 555 
2 372 
2 15 
2 77 
2 282 
2 996 
2 799 
1 577 
1 822 
2 142 
2 287 
1 643 
2 82 
2 951 
1 370 
2 499 
1 414 
1 249 
1 151 
2 357 
1 734 
1 935 
2 363 
1 938 
1 659 
2 720 
1 807 
1 952 
1 662 
1 681 
2 292 
2 958 
1 765 
2 272 
1 738 
1 134 
2 230 
1 749 
1 565 
1 794 
2 571 
2 782 
1 532 
2 571 
1 575 
2 628 
1 363 
2 935 
2 885 
2 400 
1 966 
2 589 
1 598 
2 79 
1 526 
2 269 
1 133 
2 787 
1 665 
2 983 
2 90 
2 227 
2 842 
1 712 
2 611 
1 445 
1 223 
1 644 
2 396 
1 739 
2 390 
2 991 
2 955 
2 22 
1 436 
1 268 
2 359 
1 946 
1 793 
2 395 
1 137 
1 481 
2 163 
2 944 
2 878 
2 747 
2 993 
1 304 
2 894 
2 373 
2 747 
1 981 
1 675 
2 890 
2 649 
1 450 
1 968 
2 394 
2 96 
1 917 
2 67 
2 997 
1 708 
1 796 
2 122 
2 511 
2 434 
2 184 
2 680 
1 935 
1 842 
1 7 
2 705 
2 128 
2 106 
1 592 
2 580 
1 178 
1 45 
1 223 
2 97 
2 775 
2 247 
2 624 
1 782 
1 719 
2 143 
1 348 
1 168 
1 183 
2 135 
1 847 
2 439 
1 209 
2 857 
1 929 
1 946 
2 841 
2 370 
1 761 
1 951 
1 776 
2 302 
1 575 
2 596 
1 640 
1 921 
1 947 
2 948 
1 100 
2 484 
2 446 
2 991 
2 443 
1 988 
1 638 
2 113 
1 542 
2 154 
2 194 
2 89 
2 575 
1 444 
1 40 
1 117 
1 770 
1 550 
2 274 
1 551 
1 725 
1 818 
2 813 
2 336 
2 20 
2 862 
1 991 
1 836 
2 15 
1 305 
1 539 
2 292 
2 484 
1 995 
1 637 
1 2 
2 510 
1 64 
1 97 
1 458 
2 776 
2 442 
2 320 
1 647 
1 644 
1 784 
1 654 
1 465 
2 968 
2 216 
1 115 
1 664 
1 121 
1 36 
2 46 
1 17 
2 243 
2 207 
2 727 
2 71 
1 540 
2 948 
1 434 
2 98 
2 840 
2 707 
1 848 
1 216 
2 296 
2 638 
2 607 
2 89 
2 607 
2 188 
2 790 
1 577 
2 777 
2 315 
2 775 
1 659 
2 362 
1 623 
1 244 
1 284 
1 638 
1 168 
1 118 
2 120 
1 184 
2 535 
2 779 
2 577 
2 919 
1 661 
1 930 
1 435 
1 15 
1 356 
2 563 
1 59 
2 628 
2 820 
1 438 
1 808 
2 192 
2 683 
1 456 
2 638 
1 470 
2 480 
2 229 
1 541 
1 692 
2 760 
2 57 
2 333 
1 588 
2 615 
2 55 
2 465 
1 881 
2 603 
2 759 
1 925 
1 186 
1 240 
1 829 
1 169 
2 237 
2 888 
1 542 
1 466 
2 834 
1 588 
2 460 
1 669 
1 47 
2 933 
1 594 
1 184 
2 730 
1 599 
2 886 
1 725 
1 51 
1 598 
1 542 
2 617 
1 72 
2 869 
1 27 
1 66 
2 173 
2 168 
1 115 
2 148 
2 582 
2 899 
2 13 
1 865 
2 277 
1 115 
2 93 
2 820 
2 25 
1 262 
1 927 
2 884 
1 137 
2 759 
1 108 
2 77 
1 139 
1 252 
2 600 
2 815 
2 81 
2 63 
1 907 
2 492 
1 108 
1 441 
2 708 
2 978 
2 184 
2 850 
1 971 
2 120 
1 795 
2 472 
2 224 
1 201 
1 712 
2 42 
2 724 
2 965 
2 727 
1 380 
2 717 
1 188 
2 256 
2 106 
2 850 
2 839 
2 524 
2 781 
2 185 
2 617 
1 659 
2 496 
2 956 
1 545 
1 528 
1 711 
2 680 
1 259 
2 37 
2 858 
1 379 
1 239 
2 218 
1 975 
2 528 
1 343 
1 264 
2 518 
1 331 
2 335 
2 247 
2 607 
2 552 
2 17 
2 121 
2 480 
2 864 
1 495 
1 469 
1 892 
1 791 
2 866 
1 497 
1 922 
1 741 
1 97 
1 75 
2 295 
1 681 
2 906 
1 806 
2 891 
1 539 
2 715 
1 801 
1 897 
2 439 
2 827 
2 82 
1 537 
2 166 
1 950 
1 789 
2 105 
1 646 
1 888 
1 216 
2 366 
2 910 
2 920 
2 705 
1 612 
1 200 
2 812 
2 184 
2 39 
1 278 
1 350 
1 371 
2 411 
2 689 
2 407 
1 546 
2 267 
2 975 
1 739 
2 993 
2 586 
2 271 
2 255 
2 114 
2 788 
2 585 
1 681 
1 500 
1 93 
2 325 
1 437 
1 674 
1 493 
2 264 
2 454 
2 78 
2 983 
1 534 
2 580 
2 742 
1 877 
2 459 
2 398 
1 259 
1 813 
1 10 
1 636 
2 393 
2 672 
2 571 
1 722 
2 226 
2 689 
2 242 
2 177 
1 253 
1 236 
1 916 
1 135 
1 706 
1 251 
1 187 
2 116 
1 425 
1 437 
1 178 
1 896 
1 571 
2 152 
1 599 
1 294 
1 224 
2 696 
1 112 
2 115 
1 747 
1 900 
2 750 
2 879 
2 750 
2 248 
2 111 
2 444 
1 41 
1 962 
1 202 
2 869 
2 717 
2 217 
2 483 
2 770 
1 406 
2 805 
2 38 
1 635 
2 166 
1 264 
1 396 
2 661 
2 992 
1 293 
1 649 
1 352 
1 590 
1 465 
1 597 
2 20 
1 246 
1 620 
1 847 
1 164 
1 559 
2 520 
1 743 
