1000 1000
1 601 
1 872 
1 948 
1 817 
2 40 
2 913 
2 568 
2 104 
2 213 
2 134 
2 586 
1 711 
1 241 
1 43 
2 778 
2 324 
1 60 
1 732 
2 836 
1 914 
2 649 
2 835 
2 450 
2 453 
2 896 
2 171 
2 258 
1 658 
1 500 
1 462 
2 534 
2 190 
1 545 
1 420 
1 420 
2 163 
2 190 
1 629 
1 809 
1 943 
1 375 
1 103 
1 659 
2 400 
2 609 
2 454 
1 561 
1 300 
1 258 
1 202 
2 526 
1 394 
2 827 
2 926 
2 936 
1 769 
1 473 
1 555 
2 683 
1 709 
2 135 
1 233 
2 603 
2 83 
1 288 
1 539 
1 762 
2 865 
1 14 
1 37 
1 861 
1 907 
2 946 
2 305 
1 382 
2 421 
2 122 
2 93 
1 725 
1 397 
1 944 
1 168 
1 126 
2 157 
1 576 
1 364 
1 555 
1 428 
2 968 
2 852 
1 322 
2 720 
2 60 
2 819 
2 773 
2 490 
1 948 
1 227 
1 412 
1 519 
1 900 
2 171 
2 533 
2 825 
1 470 
1 92 
2 71 
1 994 
1 911 
2 523 
1 388 
1 789 
1 489 
1 479 
1 87 
2 121 
1 540 
2 896 
2 705 
2 472 
1 316 
1 387 
2 154 
1 511 
1 743 
2 836 
1 90 
2 436 
1 589 
2 529 
2 712 
1 333 
2 628 
2 896 
1 791 
1 422 
2 37 
2 883 
1 515 
1 863 
1 902 
1 506 
1 471 
1 190 
1 91 
1 433 
1 703 
1 141 
2 754 
2 346 
1 119 
1 731 
2 17 
2 532 
1 809 
1 302 
1 878 
2 929 
1 25 
1 483 
1 941 
2 272 
2 290 
1 447 
2 358 
1 220 
2 608 
2 108 
1 403 
1 255 
2 386 
2 120 
2 599 
1 645 
2 189 
1 502 
1 684 
1 83 
1 919 
1 661 
2 374 
1 300 
1 45 
2 783 
1 457 
1 276 
1 32 
2 277 
2 979 
1 700 
1 543 
1 585 
1 245 
2 880 
2 869 
2 57 
1 16 
2 908 
2 444 
1 621 
2 946 
1 126 
2 679 
1 609 
2 784 
2 132 
2 408 
1 927 
1 274 
1 628 
2 641 
1 877 
1 894 
1 693 
2 552 
1 213 
2 410 
1 929 
2 825 
2 520 
2 202 
1 825 
1 592 
1 792 
1 352 
2 852 
2 927 
2 219 
1 172 
2 930 
1 180 
2 331 
1 645 
2 597 
1 790 
1 42 
1 139 
2 921 
2 999 
1 866 
1 93 
2 158 
2 945 
2 77 
1 636 
2 303 
1 798 
2 850 
1 98 
2 956 
1 952 
1 899 
1 389 
2 666 
2 581 
1 22 
1 860 
2 573 
1 481 
2 609 
2 102 
1 186 
2 105 
1 768 
2 43 
1 211 
2 419 
2 543 
1 500 
2 333 
2 938 
1 180 
1 295 
2 630 
2 322 
2 185 
2 660 
1 101 
2 390 
1 724 
2 423 
1 688 
2 208 
2 70 
1 994 
2 106 
2 135 
1 645 
1 223 
2 201 
1 605 
1 447 
2 76 
2 895 
1 481 
2 262 
1 362 
2 342 
1 711 
1 116 
2 705 
1 704 
1 938 
2 827 
1 232 
2 559 
2 890 
2 965 
2 248 
1 663 
2 605 
2 33 
1 770 
2 965 
2 927 
2 925 
2 881 
2 587 
2 500 
1 591 
1 455 
2 949 
1 527 
1 109 
1 969 
2 919 
1 85 
2 531 
2 226 
1 815 
1 22 
1 953 
2 292 
1 791 
1 197 
2 517 
1 294 
2 413 
1 662 
1 97 
1 558 
2 543 
1 743 
2 243 
2 362 
1 234 
1 162 
1 876 
2 438 
1 376 
2 453 
1 142 
1 660 
1 48 
1 498 
2 998 
1 183 
1 629 
2 158 
1 217 
1 637 
2 42 
2 395 
2 58 
1 369 
1 692 
1 68 
2 972 
1 476 
2 11 
1 148 
1 761 
1 646 
1 314 
2 29 
1 160 
1 819 
2 176 
2 799 
2 699 
1 33 
1 209 
1 443 
1 419 
1 656 
1 736 
2 44 
2 336 
2 833 
1 749 
1 658 
2 353 
2 759 
1 396 
1 368 
2 603 
1 872 
2 515 
1 832 
2 790 
1 889 
2 790 
1 672 
2 113 
2 172 
1 576 
1 992 
2 646 
2 647 
1 513 
1 818 
2 701 
1 344 
1 792 
1 12 
1 741 
1 787 
1 558 
2 702 
2 82 
2 533 
2 41 
2 368 
1 18 
1 58 
2 15 
1 623 
1 853 
2 245 
2 383 
2 839 
2 729 
1 187 
2 492 
1 381 
2 401 
2 744 
2 690 
2 294 
1 731 
1 612 
1 802 
1 639 
1 890 
2 441 
2 318 
1 993 
2 680 
1 307 
1 910 
2 474 
1 888 
1 627 
1 980 
2 925 
2 628 
2 841 
2 780 
2 283 
2 970 
2 78 
1 408 
2 480 
2 739 
1 530 
2 866 
2 353 
2 949 
1 608 
1 834 
2 776 
2 629 
2 896 
2 418 
2 481 
1 749 
2 60 
2 723 
1 673 
2 138 
1 203 
1 157 
2 212 
1 950 
1 961 
1 152 
1 29 
1 93 
1 707 
1 442 
1 890 
2 263 
1 581 
1 411 
2 488 
2 738 
1 504 
1 556 
2 605 
1 801 
1 330 
1 248 
1 159 
1 57 
1 169 
1 803 
1 260 
2 788 
1 408 
1 100 
2 870 
2 873 
1 250 
1 485 
1 752 
1 388 
2 609 
2 116 
2 857 
2 775 
2 150 
2 481 
2 903 
1 84 
1 335 
1 514 
2 747 
2 931 
1 765 
1 931 
2 107 
1 389 
2 606 
2 343 
2 729 
2 820 
2 719 
2 274 
2 377 
1 267 
1 709 
1 667 
2 15 
2 283 
1 6 
1 63 
1 761 
2 166 
2 671 
1 296 
1 26 
1 976 
1 154 
1 920 
2 832 
1 949 
2 196 
2 669 
1 618 
1 875 
1 607 
1 885 
2 671 
2 989 
2 27 
2 203 
1 511 
1 560 
1 60 
1 123 
2 252 
1 250 
2 80 
1 532 
2 892 
2 534 
1 319 
1 130 
1 183 
2 472 
1 169 
1 626 
1 818 
2 354 
2 873 
2 228 
1 555 
2 334 
2 555 
2 6 
1 518 
1 108 
1 625 
1 511 
1 861 
2 581 
1 113 
1 201 
1 280 
1 711 
2 881 
2 983 
1 849 
2 673 
2 127 
2 866 
2 782 
2 128 
1 823 
2 6 
1 431 
1 90 
1 745 
2 446 
2 282 
2 775 
1 103 
1 523 
2 44 
1 391 
1 172 
2 914 
1 733 
1 464 
1 330 
1 928 
1 664 
2 182 
1 797 
2 595 
2 550 
2 211 
1 369 
1 172 
2 859 
1 424 
1 172 
2 563 
1 403 
2 251 
1 174 
2 874 
2 757 
1 520 
2 947 
2 879 
1 367 
1 129 
2 662 
2 642 
1 526 
1 600 
1 861 
1 181 
1 104 
1 281 
1 328 
1 438 
1 204 
1 34 
2 45 
2 785 
1 760 
1 350 
2 674 
2 103 
1 726 
1 131 
1 115 
2 754 
1 724 
2 724 
1 258 
2 83 
2 309 
1 206 
2 575 
1 115 
2 519 
2 241 
1 97 
1 660 
1 207 
2 945 
2 976 
1 200 
2 584 
1 489 
1 443 
1 962 
1 234 
1 206 
2 107 
1 229 
2 63 
2 914 
1 434 
2 715 
1 707 
2 62 
2 734 
1 611 
1 570 
1 936 
1 462 
2 887 
2 482 
2 36 
1 465 
2 293 
2 203 
1 332 
2 263 
1 695 
2 344 
1 566 
2 441 
1 353 
2 643 
1 410 
1 309 
2 743 
2 838 
1 890 
1 723 
2 220 
2 449 
1 301 
2 135 
1 416 
2 558 
2 49 
2 339 
1 968 
1 939 
1 213 
1 977 
2 411 
2 56 
2 70 
1 203 
2 369 
1 538 
2 412 
1 262 
2 968 
1 483 
1 203 
1 110 
2 804 
2 66 
1 298 
1 206 
2 709 
2 388 
2 74 
1 447 
2 110 
1 39 
2 265 
1 185 
2 241 
1 283 
1 464 
1 698 
2 340 
2 198 
1 609 
1 217 
2 18 
1 720 
2 560 
2 995 
1 713 
2 174 
1 855 
2 910 
1 322 
2 52 
2 184 
1 369 
2 756 
2 68 
1 213 
1 356 
2 499 
2 95 
2 202 
2 69 
1 628 
2 585 
1 119 
2 450 
1 327 
2 278 
2 87 
1 711 
2 905 
2 96 
1 42 
1 894 
2 106 
1 70 
1 210 
2 506 
2 688 
1 398 
2 379 
1 993 
2 37 
2 438 
2 401 
2 990 
1 79 
1 491 
1 422 
1 538 
2 466 
2 807 
1 866 
2 437 
1 504 
1 648 
2 518 
1 467 
2 288 
2 876 
2 766 
2 50 
2 726 
2 357 
1 238 
1 578 
2 152 
1 758 
1 824 
1 764 
2 736 
1 770 
1 494 
2 619 
1 980 
1 151 
1 730 
2 861 
1 392 
1 302 
2 818 
1 319 
2 92 
1 713 
1 946 
1 523 
2 562 
1 986 
2 502 
2 751 
1 537 
1 717 
1 745 
2 521 
1 251 
2 878 
1 703 
1 381 
1 464 
1 540 
2 806 
1 856 
1 600 
2 987 
1 78 
1 870 
2 521 
2 656 
2 811 
1 130 
1 459 
1 341 
2 559 
1 761 
2 198 
1 249 
1 642 
1 559 
1 293 
2 646 
1 157 
1 308 
2 41 
2 596 
1 660 
1 554 
1 790 
1 836 
1 746 
1 717 
1 767 
2 953 
2 195 
2 166 
2 656 
1 879 
2 680 
2 828 
1 575 
1 891 
2 552 
1 935 
2 154 
1 721 
2 939 
1 920 
2 128 
1 443 
2 702 
2 239 
1 547 
1 889 
2 157 
2 744 
1 190 
1 629 
2 455 
1 205 
1 691 
1 201 
1 232 
1 397 
1 339 
2 233 
2 93 
2 644 
2 262 
2 687 
1 63 
2 894 
1 92 
1 933 
2 834 
2 552 
1 828 
2 152 
1 518 
2 295 
2 371 
2 450 
2 713 
2 407 
2 903 
1 692 
1 129 
1 353 
1 68 
1 397 
2 320 
2 389 
1 350 
2 915 
1 708 
1 861 
2 71 
1 831 
1 644 
1 687 
2 668 
2 331 
2 746 
2 829 
2 375 
2 297 
2 979 
2 455 
2 463 
2 532 
1 139 
1 785 
2 218 
2 574 
1 629 
1 877 
2 65 
2 652 
2 207 
2 365 
2 674 
1 68 
2 614 
2 898 
1 576 
2 405 
1 608 
1 584 
2 495 
1 49 
1 594 
1 387 
1 484 
1 288 
1 294 
