633 815
1 2
1 3
2 4
2 5
5 6
3 7
7 8
1 9
6 10
9 11
2 12
4 13
9 14
7 15
2 16
7 17
1 18
11 19
5 20
2 21
6 22
16 23
12 24
10 25
25 26
14 27
19 28
22 29
13 30
21 31
14 32
5 33
10 34
30 35
18 36
31 37
9 38
8 39
18 40
17 41
12 42
27 43
23 44
4 45
26 46
19 47
28 48
40 49
42 50
33 51
20 52
5 53
49 54
27 55
32 56
50 57
36 58
51 59
50 60
14 61
44 62
6 63
14 64
39 65
7 66
60 67
8 68
4 69
62 70
41 71
62 72
43 73
46 74
64 75
28 76
43 77
65 78
76 79
46 80
65 81
66 82
5 83
69 84
19 85
57 86
79 87
45 88
62 89
35 90
29 91
24 92
76 93
22 94
29 95
79 96
2 97
43 98
95 99
74 100
61 101
100 102
62 103
7 104
97 105
78 106
32 107
27 108
83 109
28 110
7 111
34 112
31 113
106 114
52 115
56 116
72 117
23 118
52 119
10 120
69 121
47 122
9 123
32 124
84 125
122 126
31 127
60 128
100 129
29 130
77 131
110 132
83 133
16 134
15 135
22 136
40 137
10 138
121 139
103 140
4 141
114 142
54 143
69 144
97 145
34 146
131 147
123 148
60 149
1 150
148 151
63 152
151 153
22 154
49 155
56 156
3 157
92 158
102 159
98 160
15 161
95 162
40 163
130 164
109 165
25 166
70 167
130 168
141 169
17 170
45 171
44 172
132 173
53 174
112 175
24 176
171 177
49 178
86 179
127 180
28 181
171 182
179 183
168 184
76 185
7 186
129 187
182 188
186 189
146 190
59 191
153 192
179 193
92 194
4 195
53 196
41 197
58 198
143 199
92 200
42 201
79 202
145 203
167 204
173 205
44 206
155 207
22 208
155 209
36 210
42 211
193 212
206 213
62 214
131 215
166 216
91 217
191 218
17 219
122 220
79 221
202 222
212 223
190 224
90 225
102 226
114 227
106 228
42 229
113 230
38 231
7 232
8 233
167 234
3 235
187 236
131 237
234 238
22 239
229 240
167 241
240 242
76 243
23 244
207 245
228 246
200 247
191 248
6 249
87 250
126 251
6 252
198 253
126 254
82 255
211 256
210 257
37 258
96 259
11 260
99 261
125 262
19 263
221 264
40 265
190 266
244 267
242 268
212 269
149 270
21 271
104 272
189 273
65 274
148 275
61 276
263 277
7 278
228 279
23 280
92 281
212 282
175 283
266 284
93 285
108 286
229 287
161 288
288 289
133 290
15 291
42 292
98 293
89 294
18 295
1 296
190 297
156 298
110 299
95 300
290 301
196 302
179 303
89 304
257 305
129 306
116 307
116 308
290 309
190 310
213 311
149 312
213 313
119 314
214 315
191 316
244 317
307 318
42 319
121 320
272 321
47 322
309 323
24 324
302 325
121 326
325 327
205 328
201 329
169 330
131 331
331 332
137 333
235 334
182 335
171 336
93 337
242 338
2 339
200 340
224 341
53 342
83 343
24 344
321 345
149 346
244 347
12 348
281 349
226 350
19 351
68 352
35 353
154 354
166 355
104 356
6 357
186 358
280 359
193 360
213 361
236 362
267 363
20 364
203 365
327 366
145 367
334 368
77 369
22 370
351 371
122 372
162 373
201 374
112 375
84 376
55 377
289 378
32 379
185 380
221 381
275 382
167 383
22 384
103 385
102 386
216 387
19 388
362 389
126 390
87 391
277 392
47 393
296 394
356 395
258 396
114 397
285 398
176 399
121 400
200 401
309 402
58 403
190 404
192 405
328 406
280 407
323 408
69 409
131 410
400 411
45 412
203 413
186 414
66 415
192 416
160 417
31 418
133 419
359 420
95 421
215 422
214 423
397 424
65 425
252 426
146 427
297 428
166 429
23 430
108 431
351 432
201 433
185 434
325 435
207 436
199 437
174 438
205 439
29 440
2 441
341 442
430 443
49 444
197 445
154 446
397 447
273 448
292 449
167 450
75 451
48 452
288 453
34 454
127 455
375 456
160 457
185 458
86 459
397 460
120 461
50 462
21 463
389 464
16 465
158 466
143 467
315 468
401 469
154 470
265 471
421 472
180 473
16 474
126 475
145 476
67 477
43 478
456 479
316 480
109 481
317 482
125 483
303 484
287 485
449 486
362 487
318 488
17 489
77 490
400 491
141 492
24 493
225 494
254 495
435 496
75 497
294 498
15 499
470 500
50 501
126 502
306 503
377 504
207 505
279 506
495 507
178 508
115 509
161 510
198 511
420 512
335 513
86 514
257 515
19 516
367 517
370 518
369 519
513 520
480 521
38 522
281 523
373 524
429 525
272 526
465 527
60 528
478 529
108 530
453 531
69 532
423 533
96 534
440 535
381 536
253 537
311 538
514 539
117 540
467 541
364 542
387 543
405 544
184 545
151 546
36 547
289 548
420 549
436 550
48 551
232 552
180 553
434 554
85 555
471 556
309 557
499 558
397 559
470 560
95 561
479 562
338 563
273 564
102 565
312 566
257 567
153 568
221 569
564 570
533 571
191 572
439 573
426 574
364 575
455 576
202 577
463 578
462 579
492 580
93 581
512 582
375 583
196 584
114 585
166 586
16 587
436 588
472 589
37 590
162 591
108 592
548 593
237 594
405 595
575 596
384 597
254 598
87 599
212 600
241 601
375 602
280 603
359 604
105 605
255 606
555 607
409 608
245 609
315 610
369 611
294 612
526 613
376 614
194 615
404 616
68 617
464 618
314 619
148 620
364 621
230 622
393 623
232 624
260 625
330 626
450 627
526 628
493 629
308 630
238 631
48 632
400 633
572 533 498 510
483 539 387 129
290 327 152 231
530 517 249 290
121 157 120 250
365 462 82 314
485 117 210 520
602 339 174 327
11 470 262 279
236 265 54 595
553 274 435 457
432 519 273 506
98 400 27 321
154 52 321 411
414 375 593 296
480 110 38 584
190 354 1 602
17 256 185 240
344 9 163 437
421 146 441 3
418 579 340 443
157 317 298 170
311 470 331 233
387 414 500 142
456 157 536 159
581 93 472 390
601 408 255 252
608 321 51 91
24 479 80 623
376 316 631 205
33 63 452 500
62 106 435 464
151 433 406 151
463 269 186 58
166 469 332 278
252 187 9 159
577 159 622 118
177 221 451 357
607 57 381 513
483 460 45 356
554 401 276 566
560 335 48 456
628 247 257 185
32 398 420 272
552 134 550 362
33 60 290 141
372 32 527 333
599 394 509 29
12 45 21 146
619 464 43 80
17 76 129 329
611 508 35 346
326 422 227 60
106 1 323 16
193 448 552 316
243 105 291 137
285 595 449 470
183 153 40 37
19 348 424 365
364 150 385 472
219 458 500 494
170 536 467 334
435 554 20 187
297 508 59 524
267 186 473 560
17 146 65 557
222 257 496 71
279 537 257 171
537 493 117 297
578 381 520 261
379 10 106 202
598 431 416 58
9 625 426 211
465 67 572 386
160 161 3 351
475 452 566 632
475 593 78 633
313 578 79 249
323 198 477 484
364 259 83 621
400 116 250 11
325 280 79 404
517 156 461 548
576 529 22 43
377 149 506 340
353 458 245 557
238 312 21 235
76 9 123 127
611 425 344 625
329 596 612 296
83 518 454 89
224 35 452 126
522 6 86 368
318 494 566 68
115 425 103 140
378 251 72 353
369 149 591 359
390 231 331 192
245 575 593 208
80 376 545 508
351 592 340 558
249 247 474 109
221 437 285 158
466 378 356 80
366 372 309 270
426 306 116 295
94 157 255 474
275 173 481 499
402 3 353 216
132 129 340 402
262 633 593 306
116 550 565 512
476 471 514 76
253 595 87 481
569 25 411 53
516 236 66 495
386 407 408 391
38 22 145 7
12 40 326 191
284 458 422 465
100 164 528 322
275 273 94 103
22 485 446 452
370 135 247 270
336 367 440 373
433 303 579 375
535 410 85 83
567 521 294 542
44 272 96 619
369 204 186 143
103 241 527 441
221 162 342 601
441 211 5 455
551 506 554 632
247 453 468 19
408 115 323 99
367 43 105 629
54 541 368 616
40 287 284 182
376 414 430 124
207 175 362 351
247 100 561 318
68 214 104 347
340 337 12 154
365 142 437 594
303 296 515 40
611 10 98 54
24 615 462 576
31 123 252 489
102 331 610 217
575 102 476 149
165 106 59 591
304 41 600 189
117 405 287 395
336 425 114 522
625 223 547 384
575 232 283 400
302 438 102 602
56 4 380 78
519 363 304 593
302 410 188 198
355 236 597 343
303 322 38 329
306 381 247 396
449 568 287 631
420 444 286 261
84 64 66 133
316 21 95 330
359 274 359 42
441 543 29 250
408 395 500 101
152 443 273 365
531 471 517 128
149 444 227 355
145 335 12 401
216 205 543 520
520 154 62 2
153 445 583 518
278 346 23 70
631 420 608 142
421 30 21 89
90 175 132 467
360 150 472 582
260 331 75 400
512 121 192 199
416 24 580 224
8 469 564 551
457 88 25 82
287 621 529 290
376 241 247 550
298 498 10 426
4 8 604 166
45 487 312 469
382 50 222 328
413 106 545 125
501 576 376 443
66 34 43 95
235 105 27 296
287 322 303 394
603 273 142 488
447 566 142 460
544 14 61 550
521 422 450 389
325 96 95 559
244 423 555 217
331 435 159 553
428 99 209 51
285 522 57 74
543 149 225 25
379 76 12 629
428 296 544 183
425 140 393 519
349 376 140 70
257 156 132 485
365 492 481 133
411 314 416 191
232 527 61 46
503 620 76 173
249 132 581 557
266 542 46 102
568 266 458 259
143 199 450 96
19 44 31 161
257 85 128 460
118 501 104 29
323 180 206 68
340 410 443 234
216 2 405 110
450 310 439 176
69 511 287 476
586 30 185 18
37 339 168 625
369 534 178 112
619 174 282 287
602 153 260 100
613 487 477 111
460 170 78 329
63 422 66 404
35 19 146 580
602 474 415 252
320 279 94 320
14 294 59 600
296 176 560 484
121 365 366 159
253 521 485 94
247 283 210 548
201 554 128 55
233 221 79 179
606 542 621 351
423 384 121 12
259 564 15 366
276 511 304 614
280 443 435 567
30 336 252 478
559 559 282 160
371 253 56 339
610 432 291 75
60 325 266 480
317 247 223 69
264 108 464 562
1 52 426 563
633 541 455 320
92 341 197 547
628 2 44 592
529 398 216 618
504 492 497 411
369 353 245 145
366 408 79 498
111 34 70 350
628 107 431 390
207 141 540 589
29 198 8 530
122 460 590 104
407 168 109 356
304 197 615 588
514 111 477 395
243 196 138 365
144 308 244 564
34 175 109 126
69 446 609 242
318 7 136 519
381 208 41 31
348 141 260 119
414 43 541 219
8 406 124 326
178 80 383 271
131 625 586 603
191 69 319 93
496 368 150 36
621 307 168 374
250 304 528 370
214 593 607 49
611 348 614 324
27 321 576 8
538 49 611 9
577 547 322 56
101 4 428 20
98 587 490 440
411 491 71 343
303 412 199 516
627 396 306 67
97 428 501 67
89 597 137 214
449 632 599 286
480 241 113 30
182 106 554 597
67 617 181 352
408 86 105 599
291 621 231 477
477 441 131 365
53 107 160 512
150 306 65 207
330 389 612 330
237 68 92 333
225 137 618 459
176 150 534 206
49 31 571 228
605 238 347 118
38 155 147 27
315 421 321 378
16 572 119 179
351 117 201 463
200 153 290 496
257 533 501 604
449 213 245 127
210 235 409 144
424 459 104 101
396 517 272 119
629 140 246 554
443 517 324 391
191 80 539 291
90 577 105 429
4 260 486 379
44 152 404 325
489 300 322 552
292 178 598 538
497 581 578 326
374 502 280 399
382 392 171 429
333 477 353 251
25 276 591 217
87 592 459 347
550 323 87 54
198 567 220 490
218 360 240 84
34 447 244 223
480 463 203 517
54 24 608 584
546 151 485 463
487 41 11 578
149 220 28 455
580 117 464 68
124 428 569 462
239 414 517 406
406 168 346 590
529 56 592 264
129 350 275 71
175 475 388 462
491 548 409 298
506 81 504 622
413 163 261 146
206 430 121 603
527 395 401 610
44 223 207 24
588 160 148 199
129 459 581 549
378 60 84 226
457 203 592 627
242 483 486 313
311 244 85 165
339 85 259 122
395 222 217 102
84 271 484 605
539 150 420 413
409 50 582 225
251 205 107 136
319 121 343 551
165 256 218 357
34 52 229 305
15 233 190 2
451 296 327 232
342 415 517 465
181 266 333 375
115 80 483 485
175 90 296 426
418 461 126 258
279 61 53 397
329 390 580 564
400 358 69 323
416 335 157 438
403 496 178 560
139 297 587 608
378 228 18 292
7 136 524 553
549 21 385 369
276 275 296 101
448 183 282 541
232 6 304 51
584 270 393 211
487 349 62 354
621 322 571 36
76 154 86 117
464 217 95 205
356 486 520 192
359 85 423 272
13 381 613 584
364 501 412 586
367 562 335 276
434 374 382 168
309 235 590 217
501 606 253 324
415 381 509 555
314 558 430 153
306 362 225 37
365 253 116 147
183 312 99 3
86 485 501 350
318 522 601 478
468 325 266 231
82 491 253 215
400 212 62 537
555 192 270 614
574 60 421 559
483 221 511 51
266 195 371 77
207 244 578 510
120 95 374 613
378 252 479 598
247 4 316 596
579 580 74 486
630 21 11 237
590 442 592 291
1 20 52 443
103 465 54 388
345 524 22 79
232 600 177 360
228 152 310 232
135 339 618 415
448 606 374 144
495 516 96 16
100 406 574 476
466 259 570 162
510 313 467 34
118 505 264 467
504 184 626 569
476 451 592 352
260 78 458 316
15 229 208 176
392 514 558 141
60 328 50 607
393 473 305 451
56 450 329 98
327 469 353 418
123 381 116 525
47 293 495 139
607 512 36 346
2 486 141 617
336 108 7 88
134 426 604 416
30 281 498 249
316 277 51 565
87 530 519 445
270 529 71 176
121 460 42 233
474 428 130 464
209 571 491 169
596 426 44 619
34 507 349 517
108 273 271 456
53 264 260 592
318 26 103 44
214 230 569 94
34 257 51 471
499 245 256 219
312 98 422 223
548 492 507 516
168 382 591 322
252 133 599 166
235 251 224 545
561 159 24 531
484 374 402 287
356 309 481 125
112 215 566 324
453 15 452 552
16 75 513 27
102 160 202 550
366 522 192 222
545 354 614 413
282 400 349 570
224 434 267 451
178 219 519 608
396 206 54 557
309 214 411 391
158 460 188 215
376 289 191 550
63 55 556 185
410 51 617 69
445 69 596 511
292 203 76 74
96 33 266 527
572 219 101 155
587 167 343 336
625 523 380 284
541 482 609 387
337 167 206 513
300 370 305 95
381 68 106 220
223 37 618 286
207 220 618 510
377 350 263 413
138 621 589 240
379 148 595 10
597 319 440 38
532 154 583 274
188 336 559 81
152 162 375 132
264 628 208 181
533 112 70 101
526 570 541 328
492 147 580 599
274 368 225 233
556 238 579 206
307 494 562 380
562 108 268 93
365 220 615 15
224 383 621 515
15 252 108 352
223 352 172 6
86 235 219 241
568 98 416 75
479 4 114 272
435 325 571 162
218 356 40 188
357 540 52 622
192 363 511 387
383 424 323 493
178 331 569 505
258 117 274 192
486 489 66 421
411 309 535 36
323 243 604 126
513 608 205 429
428 574 71 532
257 457 510 52
72 175 107 128
341 592 208 210
191 73 56 164
175 13 23 9
617 407 13 331
239 481 497 86
6 65 153 285
285 36 390 602
601 381 186 274
61 311 128 580
133 76 55 59
569 237 215 400
149 179 278 195
445 281 626 300
133 336 352 239
420 3 516 137
168 156 603 189
148 604 165 338
500 521 175 81
293 387 155 441
71 577 365 275
28 431 466 57
428 68 483 110
220 533 54 465
395 598 225 487
217 67 514 354
610 480 124 561
474 405 346 432
504 481 252 495
537 458 302 218
555 358 334 426
283 608 513 330
176 249 460 81
370 288 170 607
577 276 106 302
557 40 459 491
477 299 309 546
237 145 582 151
191 570 111 540
37 351 51 291
423 519 327 467
313 485 305 185
22 12 619 343
476 390 38 268
272 193 92 345
227 323 441 189
447 191 375 18
38 170 249 55
431 197 149 318
260 119 219 115
456 480 398 64
630 293 498 225
584 70 14 330
351 358 39 502
384 336 366 163
254 591 211 198
133 212 340 506
452 535 410 393
586 486 603 492
593 445 297 241
332 429 548 59
472 153 5 295
538 6 507 380
9 561 278 580
127 476 386 42
381 114 281 618
521 563 520 616
407 117 295 625
311 266 126 46
362 553 189 445
91 149 606 269
436 535 179 593
495 287 524 301
96 186 540 2
88 422 587 136
370 329 223 426
91 299 506 458
83 387 374 589
139 148 442 293
268 596 389 257
219 144 20 208
253 275 523 405
181 74 130 126
411 469 167 218
443 229 317 74
349 418 217 472
220 1 570 133
432 456 439 552
573 114 509 335
471 534 80 214
53 481 360 126
310 82 449 120
359 274 5 415
384 225 284 332
384 324 49 610
333 422 361 505
246 164 66 298
386 558 461 595
184 116 627 260
389 433 622 53
84 373 111 205
266 510 13 100
428 507 598 528
284 435 166 156
623 583 285 197
497 266 98 273
168 89 443 388
538 480 550 336
565 236 122 199
179 186 64 619
630 62 610 243
302 36 344 234
572 385 344 572
24 38 414 54
386 444 461 81
590 479 50 178
64 115 507 314
439 357 54 631
394 76 546 553
539 286 122 556
213 608 376 522
18 621 191 215
448 625 316 107
565 262 292 591
163 232 322 617
427 328 260 401
106 339 597 88
579 178 281 570
405 175 131 580
118 609 514 577
598 17 182 423
167 620 506 1
225 558 157 626
499 20 542 103
308 2 252 62
267 581 248 270
240 234 72 419
1 374 490 352
55 398 362 403
89 404 207 510
98 479 505 363
250 10 310 603
441 140 98 35
321 550 279 509
389 368 380 227
301 302 129 282
140 533 257 629
181 76 530 147
375 567 379 286
628 427 318 584
343 616 70 292
454 79 103 230
286 30 13 497
28 351 449 29
430 568 150 160
116 258 595 549
290 129 327 413
106 326 569 547
233 332 241 550
224 26 613 618
145 470 307 395
367 91 43 229
40 321 413 405
315 337 445 126
145 363 567 543
105 8 322 297
402 364 465 512
295 362 87 197
87 590 373 348
409 526 519 134
467 227 347 533
614 41 160 345
622 13 245 175
572 180 393 303
89 449 188 345
84 501 15 570
108 583 338 37
329 312 142 484
356 428 93 524
337 340 408 613
303 15 468 522
443 553 9 283
172 183 83 294
438 177 557 469
307 429 141 192
229 342 123 466
64 601 231 466
175 39 579 578
478 584 54 338
193 99 537 384
23 193 149 126
458 110 615 396
455 501 289 140
430 243 409 62
507 370 527 30
57 8 562 496
112 135 523 220
312 584 399 568
463 498 411 80
52 439 329 377
615 4 107 87
439 140 91 194
73 313 121 232
65 417 404 626
567 319 491 426
270 611 439 611
201 361 143 597
92 468 343 102
281 176 521 438
247 255 110 208
53 49 231 543
100 570 266 350
607 84 102 492
478 272 489 295
618 335 583 315
452 394 604 105
269 586 413 454
480 328 478 449
246 235 296 318
570 62 56 608
56 273 248 5
547 193 212 454
490 383 72 571
84 273 74 400
19 101 187 114
38 182 349 500
517 545 152 130
520 629 577 465
297 604 373 175
172 469 504 121
388 28 83 225
162 617 610 198
166 220 397 395
292 219 591 386
61 41 41 452
426 502 360 315
188 300 270 39
303 26 164 143
144 84 622 218
611 514 452 61
232 504 482 261
598 522 128 326
616 59 153 600
278 385 244 568
362 373 186 544
414 533 575 71
129 35 206 457
266 582 250 226
207 510 396 632
524 616 125 137
197 207 184 544
362 551 632 623
140 144 342 204
143 333 583 627
188 534 271 354
480 201 180 111
175 493 334 241
317 393 234 162
26 231 405 219
554 447 537 505
80 96 484 427
329 458 38 191
415 49 143 556
242 428 325 184
37 500 598 498
480 121 610 395
326 623 564 485
513 440 8 383
216 86 167 163
345 47 534 334
632 443 150 315
