226
653553748 998249428 174847087 440538380 796954964 666263599 918062294 
148116721 961766097 949674646 82490315 583994925 6006232 47439669 
862396339 845986489 268510546 789980788 436356704 99914412 572263729 
889849483 149804975 20825532 870892254 628978672 204894339 395511758 
753883100 572114945 702350924 29056348 936786414 322418726 813616808 
550121056 20027389 893951918 621916461 237039563 858127103 151581280 
586263455 944475321 768544788 554253295 630011251 565205910 131145912 
805695779 4383924 450611602 737837344 769495306 768696277 447202020 
303078261 234937313 348545916 90488317 909721622 109105282 584255859 
408915573 184509681 391573280 846247089 799062517 8486113 194449630 
95997493 509715965 90178108 769861049 915772385 184702535 112886593 
891117796 687497774 255739953 296862127 582915011 948984951 884558004 
157490683 296451509 9625960 675157808 227150253 448987685 197452558 
415337363 190506861 271791760 505346869 44690178 502984802 74486449 
619084912 789284611 780588909 713620210 327768358 228292963 688965040 
416427568 396966490 895341208 726804620 774950589 605388461 986793965 
246259383 714345266 400654370 234164276 821038415 249614150 980449162 
582251779 60178648 418895877 832083849 207109191 356418550 398806094 
252217970 130807456 745286534 816953453 563208513 457726349 178013370 
151197944 807796208 135388275 588487500 622160786 680672819 62983103 
215902959 726641750 694039681 840230361 267443340 648359566 308113989 
862033986 850811468 22999161 834776361 713486499 967151438 65235975 
592434358 747359490 569281713 546377052 295524899 592796804 256205496 
972858519 137196619 199600938 794041269 206751916 845376337 213955010 
87191665 315405900 678978556 885970026 525559717 864371653 311185702 
812219660 508683867 785492246 585982122 641963924 870389259 228576434 
537990853 78340005 739286243 999119945 802770981 581555486 9750402 
115561672 97312086 702727280 549225648 244816384 802740915 475339677 
530125233 672790126 509882995 868044773 91695078 700338537 230095334 
366840798 60463570 628277305 474369120 685885953 920735967 608878083 
233793094 469750944 543312317 672102822 320098353 424364527 894733055 
970344140 808196457 307467841 520467739 936368152 584249459 531546865 
632574865 259815859 805577248 339179365 570297948 582470464 669968245 
945984338 216015905 981286251 738051410 589614970 567668896 70550425 
458204108 508507442 926456040 760119606 713982326 507600483 549424538 
971862076 867853715 62275474 615408824 27878963 577854299 934047716 
615485869 680543393 335528033 717674727 642097919 960477975 983623774 
538043938 209964559 776532235 709673080 911618960 641228246 302846165 
229968762 263473889 183363603 961052440 423121212 628142424 536535744 
244505987 217953246 604999793 138285459 730755854 934931321 386670432 
428951344 54746300 239265155 62843430 316875914 376787127 419613279 
68350224 619385046 376137074 108003426 693141222 946084511 697577437 
562667913 53542838 810044197 361760833 353157646 992031386 999446524 
739378777 59184812 198578732 804772311 16892016 172780070 124717003 
373533103 459506530 491579022 803511441 249228196 503571367 183502114 
369089034 800013559 69964485 512017049 857409180 823358508 54776516 
684270974 157136230 434524611 941723089 648913492 305362174 687707351 
350008668 44331740 752586192 74780205 108264801 442768792 803291982 
789585790 139463424 695025006 918321324 664224754 668121063 187697040 
815587090 842649264 227604777 136214044 714016651 130543079 814651929 
272248694 967986163 198939579 19297333 14066140 288864711 857018396 
275146167 877092980 591436516 430501569 797372467 970003829 212452850 
487922915 419415388 903270744 695115638 121836304 661214426 745421327 
169204343 405195128 821991943 49854436 736929517 588715191 932268145 
249848319 153572255 647506992 742798953 786893374 894765109 753153871 
123768527 507418661 533275932 986146787 659329840 54898385 962956481 
916974503 916183753 346954113 243154384 857285225 156889774 786454336 
894360335 651317915 497640235 184872198 568059486 219078416 31171941 
668700261 292784260 727360706 750179905 284711591 693547778 371210524 
71254186 847500099 259788416 358225704 271638256 362403327 717128605 
183823167 354526007 424537678 189219016 412626255 134027716 740778164 
704675852 970133103 789821665 580858321 421086492 360018045 337282355 
32934160 196446601 921199076 145693848 42321801 970144633 946803067 
810553499 232009908 399992929 146139028 28452963 921301893 527350278 
933043861 320902375 500049412 788472980 356395880 528881639 723952627 
628104888 185953334 913464301 12962761 609761152 562554404 467371644 
797474169 270855782 992262168 342637087 17450733 345741149 263261368 
226637944 761730406 277162875 873693526 296899530 421118563 139894489 
727921167 574352659 618217258 284445580 810755129 493894469 586511172 
116042422 220986322 595871847 790918246 117493074 482554952 864031229 
749460092 777781041 15074200 709322972 25709596 886247404 411006032 
471498258 537834647 392321841 288851883 678519901 489446271 638968062 
831386763 373406260 165173212 485375797 8376748 923605491 312047111 
360737399 496867241 8064468 561383510 406230631 189083691 688062529 
431282519 936144172 65369850 607170984 21140430 891790447 107795824 
964577149 227013632 278146279 180090054 860128915 762281720 248315236 
234298799 460096695 233819922 809985733 904282518 81437701 910928818 
732037649 161517768 537236773 367656795 212147670 454639611 43954732 
763175383 54008868 627676544 136581374 472809576 333098143 874556186 
328170436 711262073 557791608 731259422 496060677 533362109 3149394 
728664109 993115668 120941161 932865946 999099682 662765211 2570308 
217093072 281678806 124730239 834685707 203481454 464966908 395043567 
237897884 577591986 513940534 97410184 151055231 544230810 146644334 
577382968 908904134 607788499 937430459 931411764 590285840 678253379 
294541643 536578605 603958136 911174119 225410047 794515852 6688975 
887494210 363552343 141564090 80937037 451807986 608000387 298375023 
568203336 352516232 953101005 637644032 987998564 466689624 743790993 
546879063 843610584 193913800 170382711 420300988 603677632 810986844 
644672131 461054950 122750246 389838910 785716998 734258728 540342223 
84709085 665532207 6822079 644290416 41237960 51487591 156996627 
837899107 872271426 517276122 337363776 769818658 181016920 727064484 
273651361 996457263 936669356 197940164 81384775 498017378 468221588 
567277740 913857742 973341611 116075345 383505346 312317607 55906432 
511667036 920437652 554957353 833629078 166878883 166231023 923809903 
52365903 246976650 327128340 643725957 160021925 417823957 23924803 
191574352 340105020 778908370 471816494 912902229 367959829 82439081 
486899776 84417500 243042260 833205826 780410509 923982221 191166769 
629461725 206521832 452438963 761989199 866683221 687989104 694380781 
632659507 915526462 241111670 958800136 26601073 473117646 356685695 
287825588 879809310 68062810 883450619 183584538 696403106 159488756 
679802013 944881253 393956164 396639488 708066310 287729189 83532414 
887959636 327556707 391651286 558950889 918709049 820286946 66994616 
683837840 1407155 931085183 724476509 864973828 481228443 191048001 
10210462 83601918 794981926 621545486 339836114 14483918 961624024 
665923180 684162600 379832795 75370753 582989170 352139373 246876585 
160848264 822277017 750149580 785614346 220373814 916702834 580865577 
543209751 730716733 25234591 800753044 54321772 28509034 497480046 
196821767 962910798 427148535 478745615 487489156 16555106 377423771 
71935169 596817331 801907809 77900087 632020770 367875474 308112764 
678121710 334230919 111385850 350092526 471301598 993955640 316718222 
500430816 735187207 639490220 3128777 965468439 38974441 627802492 
896508440 779777676 297245807 947597919 612734178 402419504 591189597 
898617521 538325556 22769311 775473304 646338204 410416088 483811897 
352249696 548940323 52996924 849252373 965162158 986228214 939492651 
231792558 604946058 687523597 707868421 302174273 433164634 511682806 
585929738 925536715 402154685 244438620 19104627 408530721 322756822 
421513709 175003652 795917291 765388896 603299018 764422402 467857995 
214318355 234143979 36158999 83686995 831238139 309176251 35092968 
220420384 656989033 837125756 937601782 412077915 134515149 723256208 
580913638 478778435 940790794 151959610 777999228 295258093 984192182 
589933423 111843049 140616393 806710836 742707659 477667225 244157262 
404538314 701181798 802313651 181994498 854577756 802076938 928119358 
348094618 334089793 843385155 526745445 779906417 594195957 406348775 
973105658 72175117 485460698 601550376 416321067 208126500 1167239 
151004233 334177992 19382593 278392032 161591939 460785569 452758448 
680427143 86116235 509898875 632502206 293282184 853412163 654682831 
990152472 272466160 445397191 426344248 363666209 770355102 182827558 
362491057 816632864 607319334 229220923 797687347 554108608 871707961 
153629719 201541517 424260846 767797077 107034471 908807412 705954544 
208230646 429822302 929320616 37625216 889949504 424408744 967751299 
777023567 24544481 416164168 94899649 547589425 216651220 677469376 
996112801 325130400 639978659 206878479 891008147 858479184 837826010 
477465421 844841232 691987052 266650418 737803709 424266886 16083136 
345841122 985641465 746772024 28883227 427865926 325845590 496763272 
68332884 513377882 549476242 322437329 301505968 192099080 488214475 
55707127 485763331 822110521 163111792 107405771 201206317 115589036 
84360588 748008903 157273770 630360007 372529217 871876855 348520495 
827180184 152448708 172759423 559875505 578497618 764632596 13922971 
717048859 357608801 971451713 184533599 885494764 562059255 971557489 
538844423 549207024 405749456 388456655 933296419 563935563 435106730 
203993651 860041292 804087981 34887466 907030952 987245657 881820125 
675726288 263693847 533165947 560401413 456882607 845888720 746872480 
333947630 324600974 634962913 12688593 911340434 20391460 552821945 
624448174 55938669 28888748 14051749 887079456 708009673 365586911 
895173755 178415813 598190181 195357835 607050310 736718668 770397855 
208637889 790818277 747043767 143107272 824454115 586493578 512094159 
90393855 611575592 216776582 530326480 603718382 329456265 260277564 
334903189 519144365 816694663 374318437 378103414 2450505 482113376 
644756637 77532517 706523405 584187185 535630681 972586297 155377119 
365445273 814492479 57726324 759547134 527522866 927083313 958280354 
776582224 157784511 48485301 895587313 487574462 35680801 151993472 
1633973 124984915 872873878 377225630 572086661 280960170 771229510 
444459000 358591428 40380129 259921107 753134879 345000585 408386355 
911318659 824176102 226281624 235153614 222269450 226429383 664383640 
949018991 980036501 518737903 375428139 654202190 713108765 31884989 
493928480 646703235 579613198 308259724 708179015 420701727 77903855 
826819184 723870750 366896918 397928836 658565961 245378602 379452525 
556541079 400008351 680948191 213622449 664863071 628072302 860255175 
683896869 770975752 189123047 937521078 40742773 159029352 152716228 
759371335 878804753 529408379 931674735 364392414 52132092 832803652 
826181244 749489685 508531641 576665341 985733858 159070938 828111568 
222789936 695192761 857668556 417626612 388838370 314898111 894500480 
515271875 915327390 223574382 434963799 129902991 70161199 715951341 
230127768 592256274 417958006 240765723 852897607 140603074 626341909 
883632919 376871699 777619612 55698470 856121241 797225316 923284926 
124498175 757535758 776675571 854718084 514367839 129820748 223959581 
546628934 333349375 300027830 506495937 389073373 682526922 538546837 
909665941 787042458 616816493 440450403 172882846 784284182 307265652 
881239505 701797742 276306879 298540001 908493423 103479594 555488012 
189564151 227228081 954280114 76600148 385007026 630947885 172059008 
683883878 649587839 702777476 993173903 66935627 392481037 863835655 
29943503 619060165 460173681 623431979 525135455 718968659 96568964 
274851173 731890953 439751179 398529721 458218390 898404303 913844381 
155061646 406666361 736425127 636838747 16214099 375802426 922931443 
406574200 590028069 838240330 398744561 748263625 361341838 509412242 
250945832 377845970 512558393 666183807 233778432 842670171 487556892 
952581238 598326037 630841575 586784762 833264269 504048386 524698985 
174789648 118418409 300913426 603856025 92277317 667866313 87236901 
279651411 152641420 403809954 860913333 44541390 890581908 777421382 
453538626 889569354 262427621 637364107 676002984 208963706 991453737 
585133296 481814509 272237968 440026913 650657574 921014292 224207365 
754348437 530178939 890830384 200794889 179338989 983749310 129496692 
811992602 343783112 751897435 125341613 527252813 126716820 814979727 
996837846 796397250 17025184 971810909 413039772 327029440 900941043 
406288841 213149590 360379089 576214554 675426963 676669216 290247596 
996329006 912988423 650985400 746942519 191778518 575085435 810496912 
846255250 60005053 909443336 156555771 23695709 947959334 894062553 
776698744 98142384 582969025 967040830 288284974 450053199 209361839 
183230111 640115191 884794382 773042550 888937125 50724396 14924727 
182372520 514855299 27873851 658746128 452878915 129097486 23704672 
695041193 310020991 255108539 48428606 618212279 855132150 724758811 
303208006 184736295 349719378 908759902 918412956 131196230 980259368 
564883954 653562348 889360922 856937778 877435745 4618478 401312425 
859344776 853442602 471573046 471349373 602564957 253643491 971819533 
362107911 888917743 441238886 211853989 636169155 329027751 308253285 
977209482 347484805 617826784 770578529 527258266 102591490 919476129 
396058217 316594950 495121774 146677221 473423980 817439359 583316566 
552509965 606685754 633331581 510267616 153110217 693605899 9371965 
321252487 18162816 203595986 963831106 360409856 289818460 124578754 
448420525 26176833 798407566 177714214 406692723 591753521 638660468 
287116963 11737157 305292461 811937574 479467763 596706379 780072376 
773342913 296958368 727076985 450232644 742466292 581232943 23682371 
395235949 65290644 224381374 750861681 1185220 837984211 657036537 
874783337 234436384 412840865 72515548 90219943 344073465 917630110 
813017685 1586330 408269297 589961294 392866621 803726013 165947558 
134206870 633909729 26805598 426508708 737015162 683077460 323825242 
324322786 247046680 74359794 520664977 453117912 497903627 228172063 
444888468 823768901 480691862 521689823 517281090 216935719 262855994 
584418250 624703010 45421888 577298810 983139390 910256830 981119950 
632701148 917273192 350352339 494392162 804014536 671587232 458587151 
43205162 449304017 939563611 316251044 836261969 260547784 744317642 
347883303 767024160 116155368 95170597 917718116 498532212 216840016 
145760170 986904162 85954335 906939284 798742570 512085516 655042412 
860569984 238983194 821652620 773811815 519320503 201864989 183125769 
724929836 790898639 954641887 343541864 923936922 843912035 128063731 
334987574 302132274 639528746 8716517 98314914 556047764 267794668 
800596762 888088922 850515928 56168482 350431630 861323768 150392051 
523672526 105916076 610439555 382787240 42157295 512669626 412169010 
584342606 88626046 350805645 722272312 466916389 186819375 572581433 
752360117 336835506 450701612 723223893 948659395 319376332 956875325 
601026354 898515191 739693119 805005334 180784465 446557831 598798897 
431474799 178277244 703516779 374427756 424179434 143093907 121778781 
633416375 369302586 179080687 783267689 690971137 547585656 330060746 
847598310 58882269 390355500 294741290 891511295 659733568 533264678 
196475836 51094832 118988803 849549767 918944099 795575388 293841229 
379316151 890905167 976948241 168919917 584259245 417410227 198572318 
