445
31815437 371496842 589155828 618648328 448629059 575800753 727054145 
289641724 790059916 597490801 27834898 161554454 838550190 8374630 
876292743 426267095 490525078 731248545 805000696 707972429 42349362 
113122887 750780113 234578776 46293436 21938501 921325765 274641325 
889928286 208450493 210940426 409865392 703179442 488138363 512439961 
604348722 601243136 829019729 245173819 143993363 192307568 443918295 
301151395 998403586 149815175 836021356 297872810 401097043 137368453 
416985444 82485649 534385610 524413899 994269514 241183337 696743504 
849465234 747169137 53221670 458598304 225597915 768342802 869401845 
20110611 806431850 538781535 338173731 907248399 818347234 402555686 
982609231 821924840 297560729 284665561 781926742 634638874 153264223 
15923225 931528213 166072791 235556556 801871328 400422160 526925665 
324482061 724502671 799324473 511829944 622584866 296511269 282556601 
420375971 924467594 473591021 829123477 63456463 764160364 679698418 
589561584 64489449 808203494 999669437 78452398 537737503 91766184 
14300526 474148403 540833744 928463964 831024359 211461720 648715164 
532619583 48850555 577718918 438972460 868843828 301950246 55193680 
103065480 991062740 825249269 87435551 789688691 318464650 252483266 
883512754 720357779 553623088 970614736 279576282 305550466 899633228 
336675386 640617824 709945570 217810680 262024588 580980166 178244072 
38297361 696296406 733477186 136531374 356018873 150617989 851892752 
794543497 476729994 334784360 136433467 24080856 417838028 111831347 
216158002 921944303 989179913 861355352 922789738 476146257 93657618 
550589221 592663357 845422919 332185834 497694295 404026578 36701634 
710910338 996777949 219105568 256297531 591613137 856993977 314727351 
415613930 961975784 94549262 4949149 776436303 646216347 700053061 
637468005 230701223 444550129 787198519 188047745 372177651 639571558 
779114964 798644561 423139034 285159778 491341316 397806110 556152248 
351199277 388423000 247581761 480783217 127141629 593311522 520917131 
225594129 318672308 160379655 881028743 403068458 173102145 25345772 
495311643 20808968 358876287 260300001 560259865 775107811 519062254 
624136437 279046264 511888101 791152347 258890338 793381324 693391151 
563560867 665676884 378848277 437014202 617579564 620710155 13036537 
774556915 89509851 503274702 624050456 471749759 367738139 651232454 
958603459 144519749 441546022 183487911 284286484 704329721 108905722 
905223685 639943398 5736088 854770130 519654268 572207321 573339463 
425804454 677273073 319410782 959890856 388394739 58472734 85460049 
402475204 940892246 718506299 81390142 777693143 3435205 121332249 
116326475 220835528 61705221 811200745 307319056 29676585 647895436 
742587322 46537009 335976567 37722864 174022400 183453473 54185424 
349965916 468595737 630952690 13190711 43199898 452179488 401991313 
78600773 34371423 727121624 992964853 910291366 239982188 333409878 
228753505 595953035 850882672 818242192 140673955 18198663 184853841 
879740979 906011700 575457406 126835741 214032892 268374306 649322492 
54517287 455035648 529135845 667121833 458477850 278406434 554105203 
677237559 434879651 31253451 825967489 218268157 738918509 748095698 
800847582 762240480 472815810 72679929 836259752 496774800 677636768 
986471767 335132150 645450046 754031862 788482960 852877895 454570519 
533455058 491580228 506334508 367123669 357451465 649947167 498729758 
469470165 504372025 659260134 354718768 445247911 272101476 143984690 
161721267 531443503 628600819 207815251 430072888 643628095 174293385 
766151845 755010673 639203648 388276436 963038972 673233708 304309715 
58475551 303493876 771967468 39522023 105895547 934205291 436864053 
658236765 456806252 104868195 568994462 287630896 478520430 411369449 
360032037 923295016 415599464 899992726 636974034 688333435 671139628 
491777659 315579841 833939325 72883447 609242685 209292331 212516173 
769170279 572846374 157007677 111832222 554771271 362587229 678907536 
373734935 970223301 344175797 269676967 579830598 639446033 700124631 
128590121 424711596 894414507 672862292 334602481 884755556 957208386 
337286539 71329123 35180842 447439199 577730867 672971354 45408063 
362237201 468632424 478433185 356658463 165339731 722488663 188616843 
787677263 734986112 638352224 317535845 411748723 35573251 678086805 
204078930 808307791 420711332 695538517 287754860 392224994 508554227 
987354527 646679172 124530843 860278446 952281257 842503618 575011450 
90749302 372758331 739193717 177709982 887059709 656076715 979866235 
884843331 301948239 308078606 819296574 701993449 282736953 29802706 
673781447 630829724 949920075 60807360 220138810 235062828 403372985 
281397900 477544724 728392938 238659084 644370003 730036029 94568342 
975289446 427812948 61297497 439665858 646482597 678253948 812304628 
472682150 329371053 274775103 548284669 235399858 361659606 179582559 
130809787 999280064 509370776 407860078 167540431 388934285 936065523 
963795691 204821423 938201307 960202018 741710389 486123366 648369992 
270703988 19478554 119452686 863023944 711479158 188440083 971279351 
180412126 360952074 709751498 415999026 660949067 921459770 479467952 
676988347 18040581 388964970 69769363 556285462 196045382 979799889 
816182932 219541466 383939850 344913474 642068239 355684855 290854309 
650870343 542101712 496308264 209618505 489281357 926389647 250810216 
203218290 591997987 601173748 225312293 826564511 525236010 658968444 
568468261 459629866 606345609 578431422 980349004 105980995 247048926 
114506538 251882847 946082717 81994381 867594825 245985920 70842750 
191887702 469980245 578173253 28584296 608993945 305041955 851147288 
637829366 346787429 96161486 727748118 898591248 47637216 917583326 
903731613 194430251 331169180 634496454 561268879 863854409 681984155 
86907863 165222215 388527795 447946183 388192179 556014556 345904852 
240462702 77253611 322987881 867772434 339488290 395670694 944752457 
33437263 469493448 868565291 645947403 913643218 919504371 314530590 
764692526 261339659 922625042 54826122 5952608 102841560 254748762 
389803268 431595826 136749879 389002856 603076382 795206128 137576566 
583978595 184009047 98612584 384105454 171049023 694269787 306556580 
49034886 729669803 813033610 575030960 732108993 939733678 989472085 
267945907 15967618 199224633 963215553 690236847 873029461 534134740 
16206094 265752756 425722549 972906635 609785691 346834325 544170551 
269354719 536718869 502315652 672028575 761589839 464020446 863266970 
748623183 539707644 765372616 218504421 863037577 430637112 629909913 
790275151 731568404 726458526 745811688 297973027 731374574 539482521 
620660452 890744291 902480331 19336917 330393554 601944259 95049222 
536081511 258884701 857804844 52312766 329556867 444804656 304207058 
440883607 239536198 898887250 369036886 920471989 763938533 534283371 
732215509 801760576 483582092 820370636 149763571 809107507 835952976 
37802736 583584573 664660609 854785912 60141937 332302330 986334640 
456519098 803727855 554025487 795531926 314324921 217067902 584260864 
661477869 499173165 574577303 525305493 318968475 16334557 348030088 
786917558 828427980 724825380 405664542 857622325 42973332 105021579 
878428454 211605198 145058579 54053163 91943235 832736249 33445504 
450934732 696181786 284565238 908166061 902110347 315599174 646155648 
32168885 657666932 499219995 940179484 910818227 275358651 843524988 
329660192 626338046 675802309 718912891 701427946 900952287 217633832 
644175450 80781841 285947295 641950295 912582998 333229785 111934711 
591969745 233681986 867483475 127054269 952731165 683262383 613893196 
243549324 117103493 825680719 286644491 304471291 13784153 108023416 
319220248 792861454 695304229 334087602 525373568 339350862 148193635 
885575246 687683825 475642372 401326235 106622428 554755875 90876965 
685006589 950901997 324609398 891560500 22132641 573567656 904026457 
512018256 232451341 484842654 859550724 642104294 823896387 522985433 
799040733 94698091 292838236 330912562 576748768 522202345 87426834 
670126043 367473574 132409719 343067517 173271809 640102856 240817429 
622645715 558729640 576027392 903752830 891085320 506880225 213970628 
858932957 349228279 285981916 707229626 210974493 718411536 855762620 
31762944 904025874 777530889 449115966 63853447 5857902 735799337 
245120444 626533850 19996041 999000933 490920403 707936352 269047382 
625177292 262737900 141278264 254949179 417350004 34397435 835161260 
104499529 219592848 916829785 632633920 420905713 176767657 586044048 
456490614 445546985 502660651 180694142 373149505 222030552 894505878 
551528080 390945177 20747730 930398008 228474383 675993738 606609503 
497098517 441833558 290603949 2373106 373810178 431257769 165204896 
31271518 1711011 545167790 137226399 297377287 545208305 570148068 
466922947 213933051 209436223 14811165 570266309 489586509 505447531 
399283301 104677950 794975701 732672330 738056895 980967509 75137975 
266368886 251201814 667765541 854265519 544510938 87127007 142783759 
179447623 230252077 291215297 80492237 538042998 839421784 230860016 
394238940 729004857 659133630 930877748 958788090 218070154 642997925 
762664582 732511555 465879888 249815785 909619967 734534392 639278582 
413924396 748564808 770771868 348751092 438498089 784259015 431710148 
77721304 118330754 275881405 613088064 241883757 305225091 114706769 
166331863 858259561 477019423 542870276 707529413 490685323 364906354 
396959593 97952463 679563049 212636016 381845090 764267327 800813963 
109631718 34296947 83752369 7693531 857336647 267832322 777922588 
333398803 215708505 846118581 53904485 839773992 436008424 565417573 
545021730 837385913 925000726 287001579 621677738 724992734 853718045 
326806624 900160251 223543350 947191994 412063513 358952214 736701538 
510111041 27523342 986844668 169354408 928495632 347316252 829871440 
363283238 849515830 686488029 45482687 238412323 745414129 551758216 
659979618 553753358 76472553 644909705 32311638 316212438 583103613 
970637167 104079508 409213353 896863494 694343986 582591858 591832133 
788972988 738888237 119649882 32760264 942606770 659873630 412371044 
909904872 196138768 25625142 77151176 994186008 317184497 84248422 
932409639 860774746 917334971 954869902 339375759 45025321 970678983 
27775774 453589443 473776920 152144971 646148616 377657173 68358013 
852251461 528512886 932534105 899745061 536603856 351871558 568818444 
450835538 568499032 39824586 444539986 733411184 271742093 23630293 
312135733 717411677 307783430 253888699 141849398 795398370 858343878 
550810621 736635780 849724342 758598177 579054588 236888643 845719768 
626624171 437857446 868808630 116728603 227152697 699649612 854782590 
5403006 483035375 962179425 214460665 509185924 307436558 770127273 
235516840 915452172 202414456 545566994 816676504 743328729 407568386 
262220018 256826857 575651570 628197315 925542002 499723815 313077379 
956544313 237765477 402405228 868894668 382872444 381588996 175986460 
179432886 655369927 495858341 982647402 103341371 984632613 897670997 
550819907 521059706 94727798 587313540 375146812 76356490 406787632 
865969368 755002215 213068311 668689394 916391960 529777196 978155852 
970450015 452887971 632353705 647978790 962270772 603554573 254169151 
144713318 610700089 86757387 493200806 302408305 234307053 512919840 
795160377 846086652 573666686 361636993 115493594 661031950 448599442 
938999267 538421089 685844547 488836425 155867172 810839437 134963831 
362731822 873986284 301087405 309475075 854034979 830297350 761655115 
664113518 188460203 892823273 611567700 769765308 669646026 471086017 
600621420 764324148 693145424 173172365 945180042 518793498 507135633 
96554842 776178270 139006520 396024301 371519052 132977523 867892703 
134314066 539814893 515204949 883183715 952142527 907015862 99672961 
953182481 68308805 94067216 854977878 128866904 932994998 775747062 
824502859 189280635 214748861 86075961 493530765 131803357 503301990 
584823599 390821446 719648577 12265928 803107440 95067253 335937139 
807397269 16702763 401470779 256161649 90003664 192377860 996967586 
594837254 914469643 452979786 597438946 983870254 677790128 139701351 
693012413 171915007 830936301 429067263 215163747 162922317 625640289 
40304840 69994678 924750965 830930933 2396732 474371108 295319390 
470749680 429624558 655251224 850097535 589888233 693850150 826735512 
623893897 812028706 182897395 326248120 182755055 574654014 854909903 
365344103 923422284 419636317 507154566 199524627 87849420 687112940 
136211662 815438358 34003675 243431295 805930709 966465122 169607430 
152394057 44669385 501821926 658757908 436499410 841785535 185630443 
162838065 670602901 619756314 795859853 359795097 113980506 297953626 
225808641 678646799 547437684 630616281 655134497 15159368 77891876 
665411316 778684144 720018049 673149051 191353712 228945515 811695583 
963359472 269858174 389854050 574255967 577939837 45419056 516343712 
442253718 345007213 831840331 863832370 165483147 533258865 284807924 
485573138 371670808 582422106 474599304 557356202 303316646 15710578 
2696668 257891475 252451811 479662282 98475297 139795823 672557188 
252964425 884226835 815105440 560390961 752231461 456097144 994751109 
985413308 786970521 703314036 561472248 731487809 838664627 620106057 
892999343 245200320 872189539 566571719 249064560 954621541 918687553 
150452825 595018269 340937820 3460224 396567750 528342837 645616340 
623665461 921366652 806009810 972241884 43892629 941828117 144893117 
126880712 753754781 199940481 178132625 744134968 560872737 650722236 
511543884 934474740 443713720 684269164 289180466 614240895 612003339 
925896676 601537238 521978703 266901029 973975489 891487208 292155070 
660063819 299236445 825249598 951132358 60594819 907249065 785635166 
493883813 951673331 658753445 237711525 262500287 414455330 195356403 
455235603 18679292 721310154 187730864 664491327 739336954 576531206 
911348378 560775848 81836218 632675617 71903311 37864059 671754614 
204818634 279834333 489143845 846588 775944361 739749880 89948106 
383573832 888767061 627432380 971395045 151735305 598299772 145203781 
543067132 283482986 376902461 656871321 833473556 966360258 207255548 
164624083 637004975 26936636 626083214 377748413 815407003 399719065 
689212234 206112068 432850255 526060845 969635250 463196222 728559714 
750244704 326532991 176516523 510492597 349438982 947690350 991323660 
307346776 452687914 41854980 887609188 556274652 915221733 82025359 
678773480 557151473 611696181 456495818 36328581 998404454 520038930 
896285237 536479180 235292953 650384794 352332887 376294308 976462143 
507165747 71471439 784703042 42815037 255485075 65298013 855137839 
93575429 471714413 884100673 583244177 255677278 954161963 213903021 
429053339 98676778 866834167 293692744 99259079 742939754 786704040 
578806577 350295909 150190156 556599465 950344287 968754544 384902363 
56265375 630222693 481862595 838501374 783749488 919117061 956323062 
370875625 609546565 294388420 245133077 735247957 579942796 949211282 
764225584 415513798 790122551 600157318 358905808 130457900 408009544 
624376573 989792212 83217217 386865495 953852691 818863023 711993152 
109596642 188609448 860389824 311940177 581772414 204672199 118922156 
349558740 276152051 50971221 164464755 417822751 704726797 798769740 
686820562 58029132 841707102 77181932 251595860 299378358 35057323 
618976388 312433770 330389249 799816955 410038540 463384469 495962273 
324570952 819014759 939122412 654713123 577390889 173761174 471298336 
64484200 705008567 915302150 232646246 347507586 160119476 15209349 
734925352 567293859 204318335 20160269 164415351 76847817 393413826 
792690373 957506461 491891599 128737869 812109055 258617353 174863331 
132472598 916941381 29030812 421701221 595452500 931309502 458073425 
517429613 534456634 932913347 398003463 195927893 688615991 641123327 
847472220 609639427 866063628 806661785 613930921 57848919 97593758 
171866875 608854679 461271996 992170667 811852380 81828579 561115194 
826635921 250997278 402408944 889604601 625123528 473850445 797186079 
838206570 727350903 710522219 66644604 611213864 44127699 996926736 
206174545 67011558 398504234 617970474 37832464 51959904 76290796 
94669944 388865174 239365405 134129705 714121417 508112881 494721424 
957814721 742240995 427856051 610462538 180700163 82953891 195583443 
829343417 77558806 693698958 888806953 936242940 344415474 746449783 
647338982 910358110 788142586 386698742 239026527 763914190 588575886 
210456515 343440797 973429719 806771125 202845079 853012502 724031543 
724317538 212767111 808943505 66478350 572076039 846586842 237376352 
612130685 331483906 992527474 78012277 505994302 188925948 971840118 
899182192 95850749 200757055 979404291 30180337 60166034 995385621 
491584384 298847370 811929336 770887929 565306771 108580438 123449219 
155818437 333143577 210230828 110116606 335821274 205145919 249623785 
54754068 978666417 314632549 979245738 698319298 236594109 465485660 
256757733 97788013 221117098 189243381 819183117 764998610 914825899 
900532328 977347717 761765722 428087383 910379335 646517421 536494953 
567161347 66481128 547472017 160114833 743087671 377297973 684059639 
296861765 138780764 887489683 930480012 210859782 410868079 470167388 
407398090 705099868 448104416 925411752 252460178 58044691 658905060 
265910864 780413967 593713225 948983238 187053825 516406014 176343146 
866566958 613183710 75740607 364170866 63129895 10064749 547559323 
829748880 199386746 725735215 496377413 632526691 943337481 650089589 
485202290 491327287 192964356 346494512 594104925 302332676 827432649 
145156013 632868533 201446112 291766175 713742296 543436969 163159796 
940488096 247823495 698995800 719808830 206755672 701982265 896854698 
255812041 2898327 198015071 144475222 100705899 348063213 115030845 
298987683 485137522 453976733 755605673 759566263 349356198 489103420 
505539304 817809415 780157278 288236916 686908916 655145828 825054722 
785593806 525502698 335499727 329698104 958443269 684700552 483695993 
279401452 115607399 337084705 216720587 905550633 166402067 62163038 
724200584 426012880 277399087 543820846 773887061 232071548 55416870 
832481739 48151650 781262561 46741634 146304611 602594281 681368726 
225465683 135621072 298779026 864090064 586035094 657324579 241955797 
956024397 981171871 151171235 402231963 102805883 459692278 34109699 
310945101 714889097 860468437 383849835 849268985 129309073 632534063 
690929308 75378824 751066116 808679186 126525992 840821371 145200637 
101629112 705517429 332344788 198372521 825582164 681509042 161665726 
859947360 973301471 458367267 768755052 783557552 705350560 770534538 
817507826 607678435 327599006 466206661 982194474 756794100 113193401 
945320031 28641922 372343369 693271431 565658972 977563098 32585611 
9224799 430208519 736564770 586105711 24000818 488999604 632017703 
498346971 612088375 750794723 137021995 870412914 284239670 7997015 
588948553 987074723 198183523 31957004 964792053 433989916 686324973 
942737611 352507473 15764542 655087551 675723404 24008349 938621585 
77834527 60598542 906621728 381934706 166308486 723167583 508701239 
17297743 896518346 910982424 763317733 391789641 457868210 990200978 
891339062 387561777 594592280 778717602 662197204 595555642 450985271 
661868929 912820817 269874742 102385197 839058541 685317526 647107176 
349453971 388245175 779060950 960587412 234491083 103008977 169173303 
131900471 321694498 487111580 419682450 34408819 523319860 684378213 
639438913 988965748 122197380 835795689 126833085 47921040 714078822 
226177127 305728829 670880481 396087976 173828000 493479808 677776575 
451958120 220740198 574541893 802600701 718116972 253812603 143296536 
608023874 93759119 990447275 431185654 689764648 91878949 618592778 
322297947 711766076 675024312 678740820 646531525 951656267 483343189 
927390424 379793058 102718088 427734409 392816781 537198964 498575228 
981768001 76446828 187988893 697992110 698781049 404193542 344412539 
784950973 701544072 610284504 291569082 102296981 972588221 785307701 
33871777 911052219 690699174 740803099 478040578 835816499 559006468 
859771387 867307955 970936599 988099936 58549183 673940528 263716118 
667536585 434806856 34047946 447518595 625085943 660683596 305637686 
959227098 962309672 262044833 872078494 220912015 7504816 445456891 
347639989 267202629 140754898 52805395 174253598 41276075 665546370 
628458460 751880782 116061128 204022094 134867128 780742962 334569966 
484085894 685787554 263686702 343251942 71910961 863025487 971277945 
305139740 676281879 637818656 298906630 695499617 348668333 282783887 
516671048 495017088 652478699 526522511 429268474 262256974 189618717 
580671245 362889805 807580891 798282545 801845520 687617811 193095248 
874113940 813361282 464738955 719342306 596949905 488612934 856581214 
94781424 739648658 223429425 137377244 464713517 719545196 682082064 
228288137 193770945 187410203 594974666 215244136 117058146 717034053 
924934694 155954448 982874971 318560817 672797490 49801972 19898589 
62945211 521552607 267483988 371795985 558279882 859750933 449523647 
911290487 535137163 791787780 54307433 276271041 240834045 858748188 
630579235 618776023 877984481 604966180 290995435 870473800 512682502 
414074589 902285259 791264460 348591632 30962914 903026652 43083709 
327030102 925499625 345913577 857647398 526047840 335827055 901460927 
223648117 800448257 985242020 679597724 940136856 301417232 426710905 
659970405 915816207 395100234 851855673 769432169 387370350 641152445 
934998620 498946664 58868909 430609876 812893339 375626039 598996087 
902214499 294919898 793451474 67970186 226634028 735765344 421538487 
644465670 536085305 465000462 92590336 983947759 862672864 51986260 
789152744 565239364 60656777 772229936 946331737 307005329 363989132 
874139859 167937644 448056393 558673913 209703850 552158756 722739030 
214804372 463492678 18896625 31087523 717635421 531172241 877780312 
200753575 650815445 434895924 151361289 618055541 187942284 300146520 
318781905 11875670 698850942 415915252 187527986 201711443 943438509 
514376700 457218967 366303645 612855772 600324352 661195430 650194006 
172566483 905929897 17448595 335609102 954596661 270066113 329434028 
217099053 668400978 793330124 120791174 718883825 324189997 86132665 
826426816 560233384 836901976 866172767 836534534 250916683 810624133 
674559154 218036644 926151389 327626349 691438603 480943687 957113406 
127323302 833084230 537470397 140295375 256743007 875382819 487701922 
235870068 330108088 329370163 505239058 220871473 426985116 292021166 
937893018 797786442 968375742 477361073 152403064 675162087 248222783 
702420235 833301917 583320645 202099700 694797203 973626859 850714896 
478306239 519064085 990320624 349317767 106599227 99318817 450237180 
541956415 940140699 850835804 857499915 248409491 841326444 597814810 
871233021 533889129 988516630 819461082 127997544 476112319 515821324 
799500578 765053964 229183314 481552878 488023583 602602055 965243525 
743618896 148073653 440004366 39597151 622028450 298174505 560376533 
157269306 827107175 657610021 925133531 779570780 154927828 488297824 
178808961 218849202 927345072 644228979 554367817 107944404 638059066 
105940817 8803062 785371169 719366822 115855633 842487540 982079409 
377495572 573597638 366494457 688030559 681319189 494705418 215599826 
438228812 565287416 975758254 934200576 666537332 360048915 353121804 
393114248 101317666 702904184 148240291 558534686 531789195 324110348 
546888886 640894677 229961154 522880107 760550039 836054136 313706691 
495292531 63488305 747467835 526104315 119482748 5707982 372696581 
343375047 253594756 273539072 182537804 507064163 800380790 79951769 
324205466 357345420 912298158 675002345 553316518 855605388 571886477 
996584564 260369018 812332787 878131316 609232735 317853525 209058720 
209868753 888071208 788790252 460932798 910672798 817018354 680127168 
512476194 794300693 170264693 729749291 903607554 317523426 821333129 
356015633 846365367 369269808 354513573 492111869 921049878 436677957 
905588789 692832543 891628121 739303736 2422512 831600921 146655257 
798367621 719436345 166955689 384970281 987063462 411826445 760076427 
591427794 569123148 882638783 341485495 970333538 215528860 587026100 
193203679 174422039 384208519 686801243 617973041 446200222 599839474 
639458638 801555497 192936409 957978196 488799875 885562972 700660437 
469184229 943964348 968723823 906244169 161692781 542441902 192551550 
883907910 857797554 656564960 729270993 89384276 150971555 692881520 
448256453 495647610 909903692 545630503 771508440 404570976 942119195 
629409804 25496518 435949068 415272303 740082370 216375902 870371660 
436934301 60545192 109429208 451418195 843409921 374230089 713493209 
648686196 432971585 696344958 280764912 782170972 178150182 748129453 
902383942 357533320 240662313 314289144 580880458 567958837 224864872 
534160967 898021479 566233556 519605956 607663331 986513243 346398304 
570502515 403945722 113912571 379876852 136602943 86741101 834174512 
30505019 210386029 374055389 767202016 91111913 962076909 53106219 
5122829 746068717 906132819 262018792 126582518 322073162 550101343 
960832230 138448759 889195424 333235560 404985013 945300558 874660904 
354122099 788498849 428441109 303959691 777645232 490986184 261773866 
9492026 226204643 607473267 964772787 577236261 752353588 12564380 
167006297 740682487 887412688 222627387 248162691 329032459 967017710 
419830724 514307882 576788603 778016850 870170843 712314954 812918553 
929790477 492970494 743714488 920526508 960388222 992762397 940643459 
181491715 238409988 851004006 960109792 168089691 605470508 563901504 
193323079 982245859 157184146 907218058 372649327 889558714 352665395 
585427551 793954501 194216574 571838971 870162282 666533153 205496034 
746509821 833850972 462697777 664604810 279500634 352803659 310530180 
38607563 698636383 301299298 795235415 155736334 624242685 407355761 
550158303 881493166 737807675 280461272 415627288 311214421 134458383 
659812252 321496159 43668419 250628560 66041291 471911419 438929437 
194129024 270121321 209500768 681172409 84853016 763319360 285140365 
845184294 500860523 911799591 349899758 518079830 327178644 176012625 
190593971 114529410 643557116 877156509 23362799 687714217 723700148 
824607262 428240495 681035345 799942876 860171526 941865789 772365726 
222002396 872495021 691073881 525133581 766284727 416412034 681690907 
690546743 552005334 410078152 188869870 392017294 668182997 178289944 
703492852 99816450 800761009 126535974 360098091 911241802 449093761 
421967620 912276720 86502156 787858064 324916404 867988872 141227771 
277083747 76545570 92071553 950997512 910074216 642124900 240357476 
861471706 732659568 334952219 787477313 730875936 990447944 814267485 
151985825 411522403 318673929 718998932 987694009 388488255 685468040 
803463413 949601945 16008457 366780852 104071998 339292274 452986099 
982742426 291440504 32064768 137738387 712390721 586412090 463985595 
338960484 675255450 462152402 445616522 314087504 331000111 393019638 
389290497 107590558 557581363 846461481 52273977 534762895 549933812 
391327522 865752385 814589331 187427139 722918399 877697244 623191268 
315120653 647635217 79236121 791070181 47749962 44286200 862867436 
894703024 335171697 422056028 542803835 149674007 341557909 882455193 
991940006 888654807 693195834 924216388 219542073 460474188 944957193 
284603924 496535866 220909038 201073795 611888639 40354352 680129109 
255812959 717209682 707306741 7928966 687512210 835265693 154636137 
587285363 42962655 238187492 990199751 566437278 700601836 957705352 
991195300 911844863 325112253 444145955 110201217 510569435 91126651 
408392991 160880575 722879555 28964864 516598141 600709025 187231258 
337832828 558612955 158853156 355142776 681455160 258451292 98681077 
454669546 950712517 584142918 426342412 309880133 429645491 880937000 
801553490 400460038 498852408 681029082 732603679 58107362 383377200 
356114434 129216808 663258046 772790669 506071746 859082488 276480359 
307271889 767223452 378281986 491931954 340990073 92281510 299609859 
85071381 870279596 150586608 167697274 853580647 158798175 95356817 
812389891 791780655 795702807 893044794 100796387 276356368 727421359 
598680217 639921176 235201830 932063655 978980468 558718959 115123464 
523778338 60160607 42109669 826454517 789113889 631175345 104592602 
135071879 609542065 624560520 623378564 33834688 247352831 78565581 
394794713 815912952 841272043 213992083 396867899 381207001 511427764 
217804132 582309715 499161579 261951705 316629014 641041213 60582414 
352104435 683814495 421364320 578184018 483662922 170099638 946732876 
249277886 498751214 404692135 960100497 815148683 181875195 971926138 
740094542 507681020 277333452 604067278 149189472 180659088 550634016 
639843181 85692649 212007021 582739174 334540568 232365609 802625775 
320573744 273243848 718241211 28252160 577667173 640337545 999055342 
183730655 854247441 913844886 489667450 275370479 843351856 256749105 
637612852 832174055 706911233 650056627 295599511 710717911 243667126 
717260325 526386167 476789443 790432637 269419727 701595988 726731256 
867517847 971460851 481767205 6777194 325434564 717652310 605738125 
305154753 668764252 48169455 885227618 112003820 600177576 4184023 
198117942 1039131 810629264 451748459 55532102 436060898 810314995 
248761078 999321653 87106086 407922893 732690891 447192842 873514753 
583177896 268402409 201406099 646623563 64651252 70239900 217037981 
535081677 505251347 699924758 249472416 513252011 799149015 789994343 
952257573 538872946 166570296 70607145 102588135 912833959 881709276 
495388676 133650901 174654493 538905735 951438873 937704108 65699314 
628679872 228079603 259736936 823325830 264726157 525051810 722651012 
932241973 390925182 215695384 66150393 239836448 380652369 877687346 
130899709 946992096 530500281 709407958 381456565 528656361 784885388 
842517908 504798118 933723423 893232271 413599888 973510440 229626725 
749979557 567776127 267061626 559970157 621216021 640321422 788329856 
260559770 351934169 682278425 274333876 359228414 811686152 921588706 
38617802 533870214 886242097 87027007 676137806 83177087 852908101 
221606359 572981068 46026155 856830207 19725897 911623170 201376698 
565508814 229049612 992040955 225778713 92954494 531539538 423298619 
541331033 722616808 307749671 68341581 612662761 30667080 570026178 
857619446 141275795 556871194 969021041 480742530 247015095 313129926 
377911883 42433278 957430708 977802533 938210420 866508581 378375249 
525078991 864226655 419070621 658369238 655753467 50206747 569539248 
697039709 331801269 916658654 938652743 105131817 272728480 339721388 
730809047 878669189 312062242 312823367 504311543 151892772 784412396 
582270562 888937162 774811483 792544108 907089493 864906299 330648850 
508218646 699506078 119319583 868771368 745283980 82682138 935722429 
956695779 640846438 852439914 968903552 406774392 726814035 907278621 
357349685 118071375 991539383 579481541 471221735 67195328 383560557 
690217339 277127637 732926221 873656299 764987273 426678053 853255119 
