2000 644
126 1226
1650 1183
753 67
390 1750
1753 496
597 431
1394 355
1768 132
682 381
560 619
119 311
1243 1924
534 1675
1399 474
1098 1454
679 244
984 1225
1292 328
1635 1737
232 1239
1227 945
1300 386
519 620
1001 1068
1244 758
1069 1119
1042 1363
594 1870
343 1134
144 1551
1795 998
1780 823
708 335
1629 628
1867 1901
845 1861
1805 1093
1271 1702
326 1881
195 1829
947 1571
490 1264
690 1547
237 1085
635 590
1589 381
761 1987
1879 1368
1997 1026
926 1507
924 1420
513 1328
1030 728
165 1341
1169 1356
483 360
1182 1674
777 974
1616 1872
462 571
509 1808
1351 1608
975 1270
1853 1229
735 528
1949 779
106 1659
1945 18
1359 693
49 1667
27 84
1315 532
1063 766
637 91
662 235
1600 1099
706 1171
1998 950
1736 1239
1324 1408
186 27
1244 1272
847 1850
100 1188
411 1763
1848 149
238 438
1204 1162
811 859
1094 1399
54 1473
201 694
1201 318
1557 1756
1163 937
964 880
1710 906
313 207
952 556
319 413
119 1364
1359 1724
885 1915
773 120
1519 1696
726 1425
1676 1573
1891 484
239 876
1370 1004
1885 960
1423 334
98 1151
1707 1736
1706 1051
1972 1583
1306 1825
1740 1330
1450 191
1444 69
1494 968
98 169
210 1169
45 1989
993 7
967 972
1306 434
1585 389
1683 962
12 848
431 1388
770 1541
870 1294
1042 66
135 1878
402 486
212 1187
355 500
46 423
1988 1958
930 596
1030 954
900 1793
754 171
1019 139
1528 323
1864 1007
301 1855
1921 291
1726 1343
1386 1613
799 127
185 1599
1579 1155
669 1789
384 1566
76 1599
1392 1414
1142 976
1116 1703
26 1718
725 200
1612 1447
1738 583
1483 1532
701 1463
1148 869
467 1501
212 890
678 1603
725 438
37 1062
32 801
1334 986
245 1174
891 6
206 271
1719 1173
1756 1818
906 1013
33 1239
107 1608
665 1181
70 131
1291 434
872 305
1367 15
816 466
1452 1399
129 149
156 1698
1526 1020
1751 1920
1295 801
1815 1506
301 1758
922 1848
585 1966
1654 1587
1578 212
517 944
516 450
916 1441
396 1332
1039 1926
1180 525
1102 752
671 262
1064 852
1916 1523
1281 878
282 216
1740 202
1347 424
193 1393
1895 924
931 710
150 410
1300 1848
1330 103
628 338
647 509
771 1730
139 875
398 1392
269 54
1828 1679
1438 108
89 1567
517 784
1266 282
992 411
378 196
1601 699
802 1678
15 930
996 987
274 662
1538 1325
716 413
24 1493
728 543
208 1852
976 165
507 298
580 1050
1461 1330
1526 1130
1386 1839
1517 1127
1614 1746
732 1089
1309 610
1492 1006
976 846
1896 207
750 1000
409 623
788 959
814 1385
434 852
181 1394
523 1452
847 1708
391 1467
1212 1921
1010 1562
1729 1944
507 1876
278 1220
1428 1483
483 173
796 1735
250 892
1834 1141
1994 1064
15 1825
1276 174
1439 95
1562 1680
1601 1387
949 773
274 167
42 234
1455 781
263 1878
50 439
173 303
1195 846
1987 1982
602 585
409 1980
1712 617
270 1685
922 707
94 1832
605 522
246 600
834 436
1217 1846
1723 288
727 1037
1341 1773
175 458
1997 92
678 161
1699 598
773 1087
329 967
1674 1043
431 1251
1330 1325
1925 593
1029 1133
978 759
604 245
840 700
29 889
904 180
1830 204
1923 900
1055 64
1152 1178
1702 1385
1985 1038
1846 1376
700 416
1009 732
1865 182
941 1596
1841 399
656 1102
1991 237
1975 685
446 894
1351 1805
1869 1926
661 1964
905 577
1172 362
1738 890
863 1017
1306 1996
177 1872
1467 1170
1569 675
1777 865
659 224
466 1325
1776 634
438 469
395 1127
647 1864
1999 1056
1418 1552
441 1170
1745 713
265 1304
733 1050
1778 2000
674 1757
178 1346
1128 7
889 838
1472 1151
1621 665
1349 1467
887 15
628 1996
1547 885
55 1603
1873 1546
406 1800
406 137
1694 1139
453 183
1087 1925
1933 188
1026 214
1365 821
1043 54
1078 542
557 391
386 1966
850 742
345 1491
1036 462
261 217
1913 1442
138 225
408 1606
1531 591
779 1495
1266 1020
1398 1363
974 188
730 441
832 52
17 845
1587 1219
709 424
887 1489
1707 1302
743 705
930 1176
781 438
1029 1339
833 1869
888 1366
285 1657
1845 286
727 1259
868 574
1419 1559
334 885
867 563
51 600
1902 1754
458 1315
490 202
640 1389
284 829
254 1227
149 674
330 1143
986 434
1250 174
306 1270
385 118
560 1725
1845 720
1320 1427
1180 1454
768 779
981 1196
141 816
1645 1621
847 425
1099 1899
598 996
987 1430
1604 1141
410 237
355 1910
1192 796
1073 472
1900 593
46 1950
728 636
1832 815
1631 1266
887 1973
397 832
287 1291
287 1054
483 443
1584 831
1068 1644
1554 1995
347 980
1453 302
895 1420
926 1352
1545 942
1314 1212
477 1377
906 501
1333 921
212 1304
357 1177
1620 56
887 397
40 1204
755 1956
492 1151
1010 1102
78 1945
853 1463
1962 561
1773 398
1332 1275
1333 250
1171 237
1098 222
1399 940
996 1012
1409 1019
1780 1441
1396 1007
1715 534
1193 1445
947 725
187 828
1389 1357
1755 148
980 1162
969 643
881 312
534 1697
637 1979
991 1490
65 1190
630 1957
963 1845
1936 1583
1028 678
1403 1128
1513 1975
1331 1147
852 902
63 643
1286 1389
1701 589
285 1724
1703 1792
1281 479
1670 250
206 904
748 299
1440 1170
1405 684
1369 467
1999 807
1511 882
1341 886
1086 1920
1308 1404
1550 1930
1653 1008
356 1835
1872 912
1162 1194
97 1541
1397 1369
538 403
644 393
860 1943
306 12
451 415
859 1374
1293 1792
752 1502
1431 600
1165 301
1694 641
1553 1078
271 1565
662 715
83 1927
329 1616
9 178
1678 973
542 426
399 1541
914 994
342 1258
759 206
363 652
510 1748
388 1528
605 203
1325 1498
212 433
359 1987
1160 1853
30 688
1218 1169
1595 1708
1248 1761
311 1994
808 1719
1482 210
862 1125
872 1845
929 1373
1133 817
314 1091
1525 458
1 84
1937 1441
1687 1161
329 1968
1232 904
664 1482
1475 37
1756 975
1186 1841
965 795
639 1605
977 1394
210 1126
216 1668
1683 81
165 1298
739 1684
402 102
1627 1983
886 288
1770 858
452 1108
1640 802
642 1766
560 825
1988 1164
557 756
1882 521
188 767
405 1656
510 1871
1112 571
230 806
788 1514
1802 1857
271 1675
782 1129
1488 281
46 421
804 1687
850 606
919 348
869 1407
1731 801
13 1058
485 135
263 523
1330 1597
667 493
1907 117
1349 26
712 1736
16 130
109 199
1443 62
225 470
818 292
1256 1144
1502 1687
301 543
678 1515
1596 344
1941 499
549 925
599 165
191 456
1749 1949
1636 460
659 1765
1384 1302
1772 1659
1508 1166
1867 589
1834 763
863 1369
440 134
478 1541
1597 1593
74 1977
1699 146
602 674
179 1890
349 1908
1229 1815
1117 565
1781 612
1335 445
1035 1288
1608 1201
126 868
559 470
1568 124
1717 595
571 1165
1311 1792
22 269
1716 1470
934 201
1573 1622
1744 162
774 246
692 1524
368 1666
866 1284
151 1976
2 550
674 267
862 1127
291 1948
1296 990
816 1159
185 1318
1076 531
1710 1119
1281 649
895 1010
90 1612
1277 1587
870 458
1991 1701
1808 578
846 1550
677 481
1986 1265
255 968
1685 1282
156 1071
1160 1870
546 1233
1882 869
1880 1384
996 333
1921 1970
1986 1830
1087 347
483 1533
1083 894
932 886
150 1760
284 918
1757 1963
591 1969
1396 1913
1145 1751
176 1942
882 583
917 1613
1140 1878
1265 394
298 1125
657 351
803 781
1224 1297
1056 1735
209 932
894 1341
1309 1966
1879 1485
792 261
1760 580
1164 969
138 642
76 80
474 1278
1960 898
1250 772
1111 174
1471 1610
1344 334
1266 527
1425 1111
1076 1718
759 733
552 511
649 1552
77 311
510 1813
1450 215
1494 587
1485 1481
1810 1453
1627 291
1901 920
812 655
1182 802
1913 1635
1352 606
896 545
614 111
1663 1005
1317 820
632 1297
1512 1827
1971 1639
1119 1005
15 1456
1304 928
1406 1199
1854 1205
1564 217
1852 592
755 1033
1135 761
872 1209
213 1306
125 91
945 1087
471 757
1953 456
1019 441
1454 628
1557 1034
232 758
1520 519
293 1644
235 1083
1673 1702
462 548
1757 807
113 891
539 1970
1057 238
553 1484
1498 1528
1526 505
1134 516
1107 980
1738 247
323 896
539 1257
1897 616
1875 332
880 1569
375 337
785 636
162 488
284 882
1923 776
303 837
899 1420
1493 1830
366 1590
1394 599
1496 103
917 1717
1890 1592
1924 813
381 1765
1659 360
996 756
802 0
882 1159
1492 643
1037 362
1782 1796
1182 1936
1083 1275
1431 1105
1208 33
1308 926
518 124
937 1197
518 1999
359 1318
1631 176
177 912
1628 1990
632 616
978 1120
915 1669
1162 317
1149 1654
758 1802
1835 579
1063 1523
1204 1142
339 1138
1136 1698
1015 414
591 1495
407 202
192 325
498 34
1154 381
50 1034
1351 1626
836 769
570 499
635 1151
230 404
1547 1698
835 1434
1131 1443
1857 1972
1023 1703
1463 4
1887 987
579 1212
1593 385
1419 1290
473 1200
1969 326
382 1309
17 95
500 1017
272 247
1239 1604
603 1107
635 1927
1187 459
21 1216
202 649
1861 1908
1850 338
1629 1010
210 825
1151 101
967 1736
1832 1090
1665 984
789 1889
1049 1937
600 1585
1511 1652
110 793
8 697
903 1689
1597 1768
1664 763
1331 1003
1829 1292
1393 1541
833 536
1184 1917
901 221
109 848
784 1247
831 715
366 941
1734 1899
153 34
1723 1299
624 1056
1377 876
1437 287
1136 707
1805 1265
1358 85
1 637
416 541
946 459
1706 82
798 1287
228 93
1550 1164
1198 1519
375 1703
315 478
1354 556
400 1692
1956 790
1612 1536
1178 1760
1955 527
625 1179
1639 370
452 1572
415 901
995 1250
1972 643
1720 544
1804 1169
1204 1652
207 1676
925 558
905 607
1700 880
197 74
601 877
1613 151
78 1226
354 1251
152 530
1338 770
970 704
805 1309
34 246
1898 165
1841 1239
1354 1662
1826 765
1646 258
1890 1525
1959 1843
1551 490
1274 1129
379 1629
158 1185
1512 88
349 1053
1919 39
285 1154
1319 1511
749 1741
1402 1160
1482 1660
1475 1228
309 1127
526 1365
1412 1826
954 76
1705 685
1428 890
979 1421
30 939
978 885
39 1950
1460 1264
561 915
1632 1766
1425 1963
747 1114
240 456
1821 1057
439 324
400 790
1475 1393
1840 1663
1083 902
1399 375
1261 1113
1062 376
1197 1300
1772 78
1401 1758
1278 1404
517 382
839 24
638 314
638 216
1006 634
1584 1039
701 38
497 1424
1799 1341
453 1896
1830 1059
1916 1073
708 1026
341 1688
1091 109
491 1176
757 1165
1479 887
1104 953
1587 117
713 1667
1705 1171
594 971
311 202
1655 1950
1009 321
951 1484
510 924
168 1660
1326 408
1584 1259
423 1374
261 340
1293 1460
1577 922
588 437
1608 1847
817 1851
1610 1759
1265 685
1006 1264
748 273
755 1958
1174 815
780 923
1740 499
1873 363
260 1720
1179 1691
612 1111
1548 755
601 1201
608 712
27 975
1660 217
1481 1292
1123 666
180 1786
157 1878
357 1354
1410 937
857 96
1817 839
530 1118
1786 995
1308 1142
1900 890
1602 1466
441 507
724 1186
34 1658
1881 1763
1548 1157
591 60
971 1706
199 949
1045 1938
777 1057
1732 418
971 1307
5 1517
406 278
1744 1906
1970 1565
750 1742
957 251
1571 341
1499 837
455 1118
380 1647
595 1426
1364 137
1194 1198
1173 1698
1004 925
441 143
421 566
471 847
1969 1723
1021 1999
249 275
616 1978
372 1820
494 1672
1319 827
1810 432
569 1471
225 1173
427 1320
244 1399
1542 988
1555 242
646 1521
800 1583
1581 614
889 1378
913 1387
763 1505
1177 1285
111 815
804 52
1523 1921
651 930
249 1749
1147 635
1624 50
292 245
1323 1178
760 938
1109 1680
1058 1899
842 1555
1059 1971
812 1606
1978 1793
1402 480
400 781
1711 925
230 608
1244 1960
9 934
1179 867
1602 1859
353 59
1739 1919
1817 1462
1016 796
323 659
1822 1632
982 1135
1615 1799
579 383
865 1573
1738 1847
1363 1095
28 981
1405 1372
787 765
824 563
482 1140
158 562
1359 298
514 731
1920 1239
374 1893
1691 901
842 1989
1118 1827
1673 1707
802 856
1394 592
1964 830
1152 356
919 307
1004 1976
538 1401
1257 1162
1450 1454
692 1328
1221 1370
1828 623
612 468
295 669
1934 1287
142 1525
117 735
1122 1094
1450 1638
1503 274
1807 368
1327 506
1226 344
1355 140
1468 675
44 47
670 688
1157 1430
1656 839
1684 1009
90 1589
1881 1826
476 1765
960 560
391 1926
1852 462
525 197
99 735
875 1751
426 1454
1058 342
588 27
1457 1729
124 1302
1868 1113
258 1808
1191 1515
837 139
699 1667
1150 1797
1816 1090
1287 1001
1736 340
91 1386
397 610
509 74
101 1455
740 654
1956 1116
1786 865
229 1380
895 43
1740 977
644 1732
1085 438
1085 1794
351 900
797 1930
872 1644
1811 445
519 1269
724 319
974 178
851 1464
1886 486
1867 636
236 1673
206 318
49 1977
1972 850
200 1134
1591 1057
986 108
1752 1945
390 1858
684 1562
1439 466
644 1408
428 1970
455 1495
1688 1872
1101 1879
196 1925
1901 1307
1715 245
936 1872
485 1472
1581 83
28 1471
886 889
451 418
441 1570
534 1447
1416 643
1695 519
1948 1428
1307 1383
864 1048
1913 1060
863 321
1750 1627
655 1799
1440 235
1263 235
1125 1468
1443 1706
832 1133
579 1441
83 1366
1443 1995
979 1779
718 947
1553 285
903 1582
1903 1465
648 1766
1121 1652
1887 1303
1096 560
1585 707
412 220
910 584
25 1245
167 1489
1040 108
1887 1167
114 1576
1419 604
185 1667
1131 321
86 1645
1297 1336
638 764
1325 740
1004 1734
1511 466
1051 1417
661 1978
1023 1076
1184 385
1553 62
1639 628
789 1667
890 614
935 532
176 1578
913 578
1342 1030
1771 1108
399 223
690 331
1748 1910
1888 1741
373 1966
351 910
530 1557
1742 1461
684 1726
339 531
1063 1574
708 831
1409 1239
269 1621
728 750
974 1597
1928 684
151 1221
961 1233
1198 38
505 891
447 1106
123 592
1875 1747
277 807
1938 1771
601 1340
135 645
265 9
317 404
1558 551
1235 848
68 1043
275 1386
981 586
1477 1030
1694 1044
1193 1481
1227 1817
624 625
395 1504
843 118
764 554
120 979
940 586
694 1995
842 55
1098 1487
429 910
1496 930
1517 968
1569 529
10 1210
584 761
943 1237
741 1208
883 896
1450 1141
1677 1647
233 1127
1122 617
229 927
1971 1521
431 884
1371 400
1368 1484
13 887
1655 936
1697 23
817 238
1446 197
1093 1558
256 1886
1533 99
1226 1933
106 1323
1807 1905
1426 335
1219 1778
177 1414
897 589
1034 1545
480 467
47 688
926 1734
1931 865
422 1929
1814 580
679 678
168 1346
225 1463
1367 274
167 32
1810 349
1763 1386
1533 1544
1088 217
684 566
811 1125
858 732
1154 1737
1665 346
483 1133
1369 1035
1939 1163
625 1537
1811 163
1753 1549
1899 1978
921 1562
1105 1661
1878 10
133 1750
874 119
408 944
237 1290
1193 1562
694 1459
493 1676
838 62
1599 431
152 1020
569 967
501 1905
1024 467
1685 1422
989 1686
1436 1120
1239 1122
65 309
1156 1204
765 302
1761 348
1582 1016
1079 1812
1800 1977
997 234
758 1952
1857 1123
1147 1260
238 437
122 831
1508 1228
349 1558
1425 303
1507 1973
1832 580
486 1829
845 1150
961 67
43 1481
1272 760
269 1040
1720 30
847 1683
119 866
1255 1085
1870 241
1357 762
1066 1777
1306 781
918 129
1959 1137
1844 1404
1471 803
1841 804
1122 1072
1669 1112
699 948
630 1389
254 1546
188 306
547 1509
1829 57
1834 1461
241 894
1023 1139
1834 1160
120 538
898 1677
38 1149
220 738
1408 717
1665 1889
834 106
1210 1852
157 1089
154 1398
1012 261
1723 1983
433 403
1542 1521
680 1457
1995 932
166 358
1507 893
1188 204
478 1284
1172 595
259 142
1994 6
652 1469
423 1708
1969 806
346 1435
1838 1691
1212 779
235 937
1426 1449
1807 1788
237 1592
1796 870
153 982
1135 273
1973 1326
889 1394
419 1523
1230 1541
1904 842
1834 1199
889 249
1029 1229
165 1658
1107 821
165 1591
1183 470
1341 1960
942 535
366 1494
376 76
1027 338
1862 822
1920 1446
1845 1091
1847 1824
1630 1235
463 736
1951 215
1037 185
1334 1057
1085 759
719 73
608 425
1476 1218
1294 531
427 1853
231 320
1323 288
936 151
1975 1167
1959 340
633 1161
1377 422
607 583
1198 1971
729 1498
1571 282
264 1005
222 1737
267 1297
1149 1073
1393 694
539 938
1089 272
996 1033
1373 620
1781 955
1377 5
145 714
684 1541
1039 1343
1182 971
1533 166
1903 1446
743 1756
385 170
421 1449
386 1779
1608 961
1551 1032
1652 604
1559 923
485 1433
146 492
32 630
1974 388
1359 628
795 1155
158 448
1761 254
424 458
1907 146
1482 846
1364 1851
882 1089
1693 914
1394 534
1524 1251
1743 1879
508 1227
1615 1333
1518 38
751 530
979 1870
124 909
924 739
885 548
951 387
237 366
1013 1872
342 677
768 705
1514 1736
1614 291
1075 813
145 1680
1275 690
777 1221
1090 25
491 1313
1610 1214
1320 1415
1803 51
418 1828
1700 1597
273 988
1693 41
1335 1041
889 1206
19 505
184 1965
211 1722
942 1017
1042 988
1859 1590
803 1091
62 1468
1519 1680
1508 1422
576 1494
481 764
362 849
1448 1732
937 1697
202 1894
1858 513
1793 1944
960 1626
171 734
1881 1560
650 29
1497 684
363 269
1249 572
66 1428
191 1825
230 547
278 554
250 1678
1129 773
843 9
1954 543
169 635
927 913
472 340
1927 807
1048 679
506 980
1552 969
396 1755
1579 1175
1723 145
699 1809
1044 1558
1888 506
516 172
715 288
923 26
939 441
338 1407
214 969
1648 264
1244 1262
1788 153
1465 353
1528 184
1887 1043
409 807
1923 142
648 1453
1182 1810
1655 721
304 1454
1896 578
1985 1244
212 233
55 1756
575 1417
1128 856
1209 362
103 592
1193 737
1101 1990
131 1602
611 1023
390 337
615 1350
803 44
179 920
163 698
489 1722
1477 1933
1349 544
957 51
1972 476
626 166
460 74
64 1819
1420 1561
141 1753
89 1588
937 88
1690 705
1625 1740
1996 1870
1591 1345
1277 41
142 624
233 182
216 1099
1265 204
278 842
660 1282
400 1900
1653 79
1224 98
186 1299
3 160
1900 1876
1302 1185
529 1452
1493 449
1074 1363
1546 1635
734 1307
1511 1762
603 1556
838 1346
803 1263
899 1238
1336 455
1754 122
282 1079
511 1315
499 1739
1191 1814
262 586
1949 683
1876 893
199 1494
812 609
164 1267
613 972
234 559
1797 973
1428 690
369 689
1768 738
52 208
1948 279
1650 109
695 695
935 1469
362 200
1252 810
976 118
1386 63
1036 698
1257 1556
528 827
1075 611
1300 1513
1808 1444
1653 625
461 1418
1527 1157
1409 1668
1136 1779
1536 1901
268 1055
1174 787
408 1244
1942 116
1229 1444
1828 756
1367 1314
826 902
1904 223
848 633
50 1556
269 866
533 1134
469 1235
1135 1670
281 5
792 1403
204 1455
1571 1200
200 1703
458 356
1670 1586
487 1825
1606 495
686 390
1503 453
877 293
985 1329
563 1410
636 1454
1016 1256
215 918
1930 1809
565 419
122 1058
1414 323
1909 137
1520 1084
1136 395
343 1125
1135 1822
1673 1403
732 11
979 657
1668 852
1665 1172
89 684
49 1881
1857 1577
634 171
494 1536
1674 1605
688 402
355 1193
1875 1382
760 698
100 1009
1021 432
646 389
799 2000
728 1872
555 463
1901 818
1952 161
332 1758
850 142
1747 827
1229 523
1273 435
1374 1141
1839 1147
156 133
566 1497
1443 734
290 769
640 241
705 1018
1393 752
913 162
1920 1344
1486 1246
72 770
850 790
782 858
2000 123
827 155
288 1395
448 540
1274 411
1181 1892
132 1121
139 1378
130 394
557 1089
1991 1043
1846 33
803 1033
1823 1475
1891 1211
891 604
759 1447
841 1718
1816 1048
1016 1290
738 646
1768 1754
1132 870
822 1464
552 819
1419 1379
1412 542
1576 1265
296 1773
983 955
1560 186
1633 1431
1148 318
923 474
1321 520
1167 1940
1250 58
485 934
1955 381
757 1307
242 506
606 176
998 1655
984 1739
693 1294
1481 1524
954 252
128 1113
1144 1659
179 1051
547 21
1637 1346
1837 1798
1736 122
986 1791
1854 50
226 1229
440 459
197 1224
517 981
504 448
257 1555
225 1458
673 385
994 1369
948 852
1755 1541
895 584
263 1591
1381 188
238 1250
35 1235
1251 21
1245 32
570 1006
1454 1319
874 1074
88 1711
1654 1099
24 318
1171 647
1745 972
1557 925
73 197
385 1377
