1500 233
1574 1717
579 1144
1386 930
77 125
150 604
1068 99
188 704
808 1340
475 964
398 846
1254 1237
409 309
1407 305
1576 1404
1601 103
19 202
1346 1374
440 598
659 931
1536 453
552 809
1450 739
278 740
1640 393
1175 754
126 173
483 628
870 535
75 25
128 645
784 1676
1185 147
681 329
1197 1561
213 1276
221 868
1607 765
1441 1671
199 20
710 1280
1390 1310
137 836
1308 72
33 943
1589 1383
1194 162
245 508
837 514
275 863
338 169
973 488
1190 559
365 779
800 830
246 564
9 1510
482 1636
1644 147
1090 1790
1308 1613
1775 814
1322 637
1151 220
1083 295
400 1426
50 1357
116 1374
352 1240
205 481
982 1088
734 451
222 991
1074 1216
1141 1
1615 364
1114 584
1157 1589
1745 572
803 507
69 963
520 1203
776 119
1295 572
1053 1065
288 1500
87 234
1162 1022
373 309
247 435
735 1450
169 61
1586 49
557 1326
1770 1467
629 1360
762 38
93 1085
1657 1475
675 1388
1023 846
1016 963
121 1110
1356 377
813 430
16 1603
1600 1548
1533 185
1448 1385
1051 289
1649 1417
1455 1617
837 547
157 1484
1071 630
1476 832
1731 229
1276 691
1069 51
418 831
569 17
1565 434
555 368
1689 1298
1587 202
1619 876
628 1372
118 1209
892 1465
230 275
1107 98
328 1706
533 1037
1025 1604
570 1538
1555 1379
1749 1139
1443 1319
752 503
642 1331
406 475
46 396
1606 1034
635 164
375 697
796 865
707 1418
590 1060
799 1176
913 1551
1129 1369
707 667
121 1077
1517 349
1616 810
1285 358
690 158
1128 1267
1431 495
1129 1763
764 1742
1359 60
1120 1407
782 84
1636 118
1423 1631
433 964
177 329
614 490
1300 1694
187 365
523 720
186 877
1309 1652
1550 1553
1494 637
697 513
55 988
1073 1753
6 773
603 844
7 1429
1694 972
1463 120
1750 443
808 962
1619 72
886 1268
1119 4
1558 394
967 868
1318 1187
375 1600
1552 1309
282 1384
427 1494
1058 821
1794 370
491 951
1330 1392
553 376
449 273
1541 371
312 1335
1729 859
1664 69
1192 895
630 1117
561 1567
1086 317
10 779
1601 1513
19 1068
154 1530
1121 446
822 1484
1757 1610
117 1271
805 1498
492 429
434 669
1500 291
1344 1626
1329 329
646 105
884 550
263 592
1660 620
349 218
664 13
1433 1406
1216 1486
893 1390
1023 1269
1634 1698
503 1515
6 267
28 202
532 1350
1391 1293
43 1114
1707 475
1095 242
460 1502
1452 1381
986 1060
745 1084
673 337
1606 1638
1472 1696
1347 1439
1642 174
312 1353
838 1607
1099 780
94 365
840 1142
1320 1737
1438 70
1451 1780
1039 1089
373 637
974 1721
1494 982
814 716
354 1101
1211 360
1649 196
1739 1524
503 622
987 1037
315 533
469 26
97 1635
1551 43
1068 1548
320 789
645 1377
559 1295
210 275
1376 1373
1733 500
632 723
446 1581
402 570
1544 885
1419 1390
1352 58
1693 87
66 1385
1069 1443
368 1135
711 1389
819 949
1224 1206
778 965
1402 736
1459 646
362 233
740 40
925 765
290 483
541 543
567 1578
1163 433
12 633
1704 431
1756 380
1329 615
1757 775
1676 689
1361 735
1317 1277
1511 1019
995 1680
644 386
869 119
599 870
583 1410
1779 1102
1671 1746
312 1727
306 1575
325 204
915 1572
460 281
952 790
267 1757
911 469
348 1714
299 105
160 928
1734 1104
649 759
60 516
398 627
490 1732
1442 646
850 796
503 1703
183 1765
755 899
855 1136
1541 958
807 1766
70 88
1016 1042
345 231
926 949
1401 994
1557 923
854 1799
645 246
979 431
333 1431
1396 1482
581 452
1588 286
1180 1372
1338 1328
1352 186
1164 1408
1575 503
1388 1509
638 701
1624 989
923 330
513 613
980 1568
1135 1428
1045 1313
1765 730
952 1562
1134 1489
952 331
453 671
214 504
943 1617
1261 1790
626 531
1520 34
364 385
934 642
346 813
440 113
1362 1481
346 1422
1183 1262
950 1298
1565 516
1187 38
478 153
1770 1338
1263 1421
151 1166
1200 88
409 1671
449 1564
513 1343
1456 795
411 889
510 953
414 757
190 1694
409 1365
1403 1691
43 1533
1070 80
1437 1749
1114 532
556 1589
1395 513
212 965
507 43
774 725
1615 98
1051 1185
77 260
153 1465
965 203
93 499
231 503
519 72
20 1237
1705 156
1745 1134
1583 460
1361 1339
1383 1796
656 67
101 292
1478 406
667 1152
752 1491
1695 756
1255 1718
420 1788
60 1486
858 940
1096 16
1087 762
1158 976
514 869
800 718
785 32
325 1457
1799 822
173 1739
1429 601
1358 926
843 1323
1247 812
434 1199
338 1243
1259 1292
190 1370
545 545
1351 1348
202 996
964 350
1743 923
1746 1225
1163 1742
478 118
980 728
186 35
784 1759
1158 1433
811 1218
645 1432
938 206
751 771
255 1419
614 301
588 457
1380 1515
939 530
407 1325
1380 302
966 886
857 559
454 1152
721 1641
994 1548
1179 1532
1674 1640
610 316
1736 625
862 801
1258 485
199 1450
116 838
298 1139
1377 459
1281 1678
373 478
1630 338
114 763
510 486
154 1109
884 1689
141 27
588 1430
431 12
497 1451
1036 1689
662 633
1708 1088
1484 961
774 1220
1698 964
1238 1083
45 1463
149 1353
597 555
444 239
202 1481
1110 521
533 791
377 1477
1302 966
1535 1349
637 163
1124 1442
861 320
1220 34
1117 758
421 658
146 1163
1718 506
745 743
359 297
754 947
1674 1405
1082 1287
389 250
1600 583
682 123
1566 372
628 1743
1777 626
1321 1784
641 1093
391 1678
383 723
1466 245
478 1064
146 1761
1366 1233
655 20
206 583
1166 1044
1104 1742
313 47
1790 869
1431 877
861 1702
931 887
764 1438
361 1322
1503 1083
282 1763
1724 181
1414 429
385 1225
7 268
1249 527
469 1109
1156 552
1357 718
1596 1082
919 987
10 656
229 49
1372 774
1794 590
489 1010
1191 275
640 412
1637 804
1009 1025
1553 1580
888 457
945 157
875 179
1261 501
1424 670
1262 380
365 1434
344 1492
217 1737
883 337
612 706
1054 273
1014 1189
413 826
605 222
615 101
258 1493
1673 1560
196 1070
1676 1069
1385 1620
1190 1074
701 1751
1623 1534
6 918
1561 705
979 554
1743 814
1577 192
350 292
393 381
10 965
660 588
1594 1683
887 856
611 1469
742 472
422 0
1534 1443
497 180
886 1476
230 193
943 0
128 108
400 719
1037 478
1379 794
1318 1047
865 238
1030 1111
715 1752
359 1641
1642 1394
972 781
898 1311
987 1469
1662 1720
1720 1153
1261 805
1460 47
461 1662
591 696
1743 39
277 44
1155 807
695 1243
1083 5
1399 1054
1772 924
435 571
175 869
788 1358
710 1774
778 707
690 170
1768 373
1070 1151
1190 558
602 1012
1756 1403
781 1693
1635 650
1704 63
924 1233
1740 1675
743 1295
852 115
88 1467
309 1498
1604 802
1175 999
285 1572
265 380
1393 1411
949 804
696 1284
133 1730
1730 466
1700 36
1648 853
347 1575
1690 526
193 1199
832 1714
651 438
1438 635
342 1763
342 1659
1206 608
1412 1671
1154 354
220 243
710 1223
1260 149
1002 545
319 1043
1569 1349
683 145
1795 1698
336 1451
285 646
608 1710
1568 564
1172 886
757 909
1264 719
898 46
1270 1420
1569 1608
288 665
1708 706
190 544
689 1412
1310 809
459 619
1265 1582
1491 680
1244 8
895 1194
303 551
1270 1588
1634 1503
1122 368
111 1039
1704 826
1532 336
880 1547
1159 1722
730 1505
323 604
385 1125
4 1525
1533 75
1269 1185
1736 563
286 1508
1210 1206
1510 56
1095 467
1293 1557
92 999
681 1024
945 972
612 39
643 1611
935 936
596 964
1039 876
260 328
828 444
151 195
1337 1114
1170 1298
1765 1046
739 465
1400 1258
417 831
1740 280
256 1363
1109 551
1423 835
1800 180
1056 218
483 1038
1418 1252
1447 1311
624 1506
1003 920
101 1731
395 903
360 840
1672 1731
146 778
276 1547
233 402
1238 1321
1501 1657
10 1237
410 692
143 429
1740 28
1534 1527
582 500
430 672
1575 683
1524 761
627 71
785 1331
1077 773
1176 997
517 1310
1102 549
1722 154
782 1049
1478 331
359 862
524 1354
53 28
700 1106
1789 419
1116 411
482 1448
978 1743
651 1267
463 190
1501 1763
511 916
1006 738
1787 432
700 1789
786 1401
954 1059
1024 1310
615 1007
1362 1660
270 539
187 677
619 752
154 1101
1292 1206
1169 553
1470 928
1666 1680
248 675
599 1589
1189 948
142 1385
894 342
1285 1102
962 1445
184 846
1459 1232
120 307
1408 213
1419 274
828 835
1763 787
603 497
1108 1565
1289 851
1735 1644
1164 613
891 76
1115 258
1639 375
1157 276
1508 1759
265 815
1028 1564
38 1610
644 646
1370 866
1299 543
243 172
959 542
321 1532
280 893
905 1486
1744 1171
1546 219
431 1518
1477 838
1653 75
1639 1678
1487 816
1398 1677
678 267
746 967
1075 176
655 989
656 233
1062 976
661 936
242 103
258 540
258 1724
761 690
765 1671
1548 549
1365 539
416 1171
1438 898
1 1094
1207 319
1308 1076
1246 1798
973 99
971 443
482 1571
246 1213
1072 741
1367 440
310 32
517 267
806 1795
1165 17
915 1158
452 738
1057 916
128 1595
1592 500
535 1310
1753 700
406 1506
854 371
1112 653
1093 125
93 614
881 1340
1334 610
627 1623
981 698
1372 1478
530 1369
1163 628
1064 658
103 890
1526 1599
1240 55
362 132
721 229
290 1474
223 1750
1289 319
929 1040
863 822
1456 1492
1169 43
1412 1027
1591 1699
492 710
1600 854
588 595
587 1261
1393 1764
192 949
559 313
263 418
737 782
22 1488
510 1666
1293 821
800 101
1065 598
496 347
1057 855
1646 925
1520 792
252 433
397 242
1192 1582
30 525
944 1687
604 229
1718 1681
1483 626
1383 363
464 975
1573 382
729 1465
520 205
1130 1722
649 301
670 785
1028 838
619 1003
1529 355
241 585
815 608
488 781
1344 668
1031 106
1082 926
1245 1431
1096 790
931 109
31 1552
52 260
982 616
1454 722
1662 145
500 208
794 1390
197 677
1458 1545
412 621
728 1001
63 1443
1009 1746
735 1308
1417 240
1792 1603
1799 1384
200 1780
638 980
1125 1590
1799 499
24 1561
373 792
472 221
778 1768
904 884
462 1506
1451 967
410 1471
1712 322
124 27
1411 1639
1555 122
1039 1547
1337 392
891 363
60 1335
262 851
1072 433
336 734
1554 49
1492 1241
407 215
1622 1078
1400 754
781 1469
1308 1460
1519 327
74 1062
1390 757
1056 1347
881 416
1267 1116
1486 1079
1749 474
523 21
1262 1502
1717 150
1229 1606
559 1538
1207 764
424 1276
1603 650
1648 142
835 1613
1159 1237
1589 90
1207 175
1190 1055
1529 828
849 1138
839 187
338 311
52 691
365 1567
466 611
22 1508
293 890
968 1561
1374 140
1313 2
93 668
780 1101
291 1236
263 169
1244 19
142 1112
1359 218
910 480
182 1347
157 1211
918 649
1475 115
1677 1211
1287 643
645 1186
53 735
1772 674
109 769
875 262
217 308
1421 318
472 359
776 915
462 1318
728 958
1543 555
671 1582
928 1218
1797 483
1669 350
1085 577
1252 1658
627 1056
1254 1297
1606 1438
1692 1407
1767 1162
276 363
1682 678
1572 674
1230 545
327 1315
668 36
519 1255
1542 664
1241 323
180 826
18 628
125 743
380 1208
815 1667
1028 271
571 717
1395 1240
50 452
933 1166
616 1280
1252 1260
651 1284
83 1707
229 392
1154 1261
88 409
1153 1108
516 149
15 1469
1677 1331
183 979
355 447
835 1578
943 405
1621 1768
1164 1560
979 1072
978 14
342 1063
523 1143
1488 1496
740 547
633 776
445 1256
722 584
1564 321
704 905
618 118
459 1539
1442 1561
1256 279
1287 805
819 371
1370 400
1543 1097
729 92
575 1230
206 1469
924 1208
1793 651
908 1582
686 1492
1546 1548
1286 1304
1000 204
483 927
1733 392
699 1770
305 687
1785 268
296 47
1277 713
317 871
215 1419
269 1241
958 143
1635 1113
860 1644
1083 1316
1520 281
1145 218
546 138
43 1013
1636 1245
1513 348
395 1620
468 8
816 1608
1227 785
161 967
1110 1432
681 1119
898 880
395 1477
1695 116
271 50
188 1039
187 817
198 167
451 22
1579 1711
1656 782
589 246
968 607
1574 1752
1320 1065
320 883
1699 200
1677 1154
1207 293
343 1507
745 1478
430 467
570 868
891 628
475 1021
2 669
851 266
873 527
415 1755
1020 646
1465 1735
134 1276
565 1363
1656 1747
1390 1772
1449 134
537 334
1139 15
643 1043
199 229
898 1054
1320 137
664 1685
1640 392
974 1015
949 795
270 638
136 1019
902 835
807 1792
61 491
761 391
406 534
1513 99
328 986
239 1712
48 1162
1047 1496
87 713
1728 886
1681 998
1636 813
31 86
857 1773
1700 869
1360 1664
191 1698
367 321
356 533
1519 80
1792 685
1783 1695
1390 40
689 1029
50 1477
610 552
1365 1667
1689 382
354 1333
401 746
609 189
22 1698
154 736
1270 326
406 510
1131 988
882 333
373 1050
214 407
84 998
1487 265
67 630
1012 1051
519 1757
702 1302
1492 857
754 1247
183 1450
1776 844
1290 1389
512 317
651 621
1671 1331
1738 960
158 84
285 1758
588 1645
831 353
245 1600
1102 1287
343 947
329 729
314 1033
12 448
36 290
607 1302
58 549
15 1194
354 1729
1750 1753
1711 448
292 234
523 434
233 1059
481 768
1651 1271
199 760
1729 116
564 514
740 1741
1243 601
1086 1283
677 1237
1166 1101
989 1031
1479 1051
1285 835
1269 1707
901 1745
648 1503
909 1383
278 435
551 1045
1495 207
147 1115
1652 434
1717 1326
763 873
109 529
1560 64
1115 1099
133 1174
1016 535
415 1339
1041 117
1436 1064
1499 149
1130 1714
120 185
1300 824
1258 204
1466 1088
96 1111
1640 364
428 206
1241 1336
645 1479
214 1310
848 1662
1779 629
1629 24
110 1350
1263 1263
1448 1240
264 1320
1460 884
107 1458
704 1125
1490 203
409 544
15 53
1533 1586
1096 660
521 1683
511 79
104 435
1721 276
1539 150
1390 1120
639 1123
142 1590
1248 234
1359 249
452 151
631 984
1038 798
519 646
1243 770
652 1551
1631 1700
335 1099
1311 1671
20 255
1375 1050
308 1346
1136 149
383 386
635 519
670 1679
862 1023
1757 1238
19 99
805 476
226 1262
1162 1393
692 1793
1663 1433
1624 202
1188 1619
1165 1199
1284 1432
17 500
955 1604
1482 588
1612 1625
998 479
515 1568
179 1018
415 1320
913 406
398 1513
1145 1541
1679 197
15 969
303 1067
634 1116
1616 1523
1326 652
1240 706
467 943
1423 987
691 1465
618 137
1457 870
1276 1034
746 505
181 1611
1744 27
996 60
1063 1759
1075 1235
957 1697
484 826
1533 483
1426 1661
847 199
1600 984
1121 1538
608 418
1388 714
1155 19
1566 333
296 1337
1397 1509
1404 1292
662 659
491 614
1440 1620
238 976
772 1108
1243 1664
784 1619
1293 979
1397 104
754 36
55 984
1253 109
1446 1558
1266 1550
977 1042
1637 805
1419 1640
1395 263
1175 995
302 1633
1432 146
1702 1482
660 415
456 1194
1230 192
1176 1210
1319 1221
978 564
249 964
141 380
1185 1163
938 1714
177 804
1799 532
364 1352
1435 236
1654 1796
411 1336
729 513
705 867
276 94
1251 16
517 1532
631 365
745 702
64 709
622 65
805 1002
1534 735
