1000 1200 346
73 342 2
882 413 2
935 579 2
471 187 1
357 448 2
972 693 2
647 388 1
79 555 2
490 216 1
605 979 2
714 917 2
305 14 2
361 692 1
643 697 1
44 313 2
363 861 2
988 818 2
813 548 2
561 160 1
285 667 1
812 732 2
512 233 1
910 658 1
800 990 1
302 110 2
760 985 2
370 115 2
173 224 2
473 621 2
596 118 1
190 602 1
896 950 1
347 863 2
120 674 1
374 931 1
351 353 2
922 193 2
867 835 2
445 893 1
186 473 2
190 530 1
877 753 1
733 406 1
465 307 1
582 127 2
754 404 1
31 253 2
571 835 2
100 956 2
55 281 1
422 320 1
888 855 2
415 474 2
532 719 2
548 731 1
867 578 1
969 31 2
428 331 2
121 392 1
866 436 2
697 158 2
447 580 2
695 28 1
38 362 1
55 455 1
834 84 1
499 676 1
692 453 1
145 287 2
265 968 2
242 824 1
519 921 2
708 14 1
362 951 1
412 186 2
14 590 2
91 739 1
37 699 2
648 250 1
10 246 2
220 139 2
598 640 2
980 224 1
382 942 1
162 227 2
68 406 2
377 996 2
328 523 2
577 737 1
766 406 2
62 746 1
611 387 1
327 341 2
580 832 1
355 329 2
715 91 2
306 237 1
815 392 1
387 683 2
657 665 2
492 342 1
977 434 1
83 519 1
795 338 1
416 15 2
916 273 1
402 689 1
530 712 1
533 848 2
951 782 2
45 224 1
770 457 1
924 6 2
461 536 1
880 836 1
323 615 2
515 286 2
126 708 2
554 777 1
947 105 1
313 646 2
137 796 2
443 632 1
874 302 2
482 721 2
913 283 1
259 478 2
825 216 1
813 377 2
579 274 2
838 39 2
495 578 2
739 595 1
854 812 1
345 371 2
114 363 1
457 598 2
243 589 2
571 352 1
389 964 1
996 713 2
241 32 2
674 713 1
115 986 1
779 759 1
725 339 1
767 915 2
650 288 1
944 152 1
892 18 2
697 755 2
956 36 2
750 208 1
841 81 2
183 533 1
160 843 2
870 421 1
787 709 1
670 598 1
296 923 2
75 636 2
484 48 1
405 313 1
359 426 1
473 749 1
568 497 2
454 66 2
931 851 2
837 641 2
257 689 1
93 939 1
877 111 1
153 166 1
208 209 2
2 648 2
640 194 1
315 741 2
591 669 1
802 490 2
452 763 1
295 987 2
680 240 1
654 659 1
5 409 1
759 810 1
917 423 1
844 456 2
191 227 1
544 284 2
782 509 2
330 127 2
844 637 2
256 206 1
192 7 2
472 152 1
124 238 1
997 18 1
470 761 1
233 900 2
894 595 2
284 178 2
817 668 2
650 510 1
694 14 2
533 310 1
808 250 1
444 994 2
765 408 2
781 504 1
60 875 1
741 455 2
150 682 1
986 76 1
666 343 2
371 37 2
997 639 1
612 419 1
633 375 2
188 415 2
990 774 1
881 73 1
405 271 1
158 994 2
516 848 2
924 47 1
979 478 1
261 383 2
158 458 2
70 296 2
825 873 1
755 61 1
437 217 1
139 569 2
178 988 1
700 237 1
624 857 1
352 136 1
1 13 1
69 410 2
589 59 1
651 61 2
533 607 1
505 497 2
875 635 2
628 995 1
407 857 2
20 488 1
821 914 2
531 275 2
266 982 2
61 207 1
350 654 2
868 499 2
13 441 2
459 59 2
268 529 2
602 810 2
233 22 2
696 683 2
646 273 2
149 111 1
895 981 1
775 495 1
915 886 2
212 71 1
314 131 2
584 920 1
22 842 2
119 678 1
852 752 1
299 514 1
863 963 2
868 375 2
785 895 1
496 635 2
896 83 1
785 47 1
346 244 1
762 153 2
185 845 1
939 478 2
70 791 2
564 649 1
542 902 1
66 208 1
293 61 2
971 859 1
424 843 1
263 546 2
772 368 1
279 212 1
928 28 1
647 375 2
175 226 2
813 103 1
239 291 2
517 789 1
540 693 2
109 44 1
192 723 2
909 794 2
743 699 2
789 922 2
322 296 1
251 660 2
339 268 1
421 171 2
759 462 1
30 618 2
581 50 2
138 845 2
408 464 1
709 768 1
997 345 1
586 64 2
185 889 1
265 218 2
978 824 2
433 684 1
36 674 1
812 633 1
787 163 2
279 341 1
263 109 2
29 537 2
632 817 2
874 785 2
335 690 2
7 584 2
587 875 1
678 590 2
764 454 2
811 609 1
555 205 1
656 215 1
665 370 1
387 169 2
255 49 1
842 887 2
685 293 1
646 232 1
186 901 2
899 620 2
531 185 1
284 914 2
90 599 1
896 318 1
379 506 1
834 884 1
656 915 1
228 789 1
660 794 2
410 323 1
799 831 2
601 614 2
676 114 2
63 736 1
640 319 1
948 484 1
4 324 1
229 655 1
720 325 2
675 302 1
78 983 2
930 526 1
975 149 1
15 72 2
231 709 1
592 159 2
427 250 1
574 24 2
63 897 2
723 28 1
245 6 1
330 931 2
549 932 1
82 188 2
303 372 1
350 833 1
787 859 1
79 778 1
702 521 2
942 362 1
302 498 2
419 187 2
39 63 2
225 362 1
864 146 2
690 381 1
436 730 1
817 176 2
63 551 1
368 451 2
434 766 2
544 518 1
233 870 2
789 794 2
819 400 1
69 57 1
306 378 1
571 701 2
717 702 2
995 906 1
984 199 1
695 314 2
310 670 1
823 185 1
293 126 1
414 878 1
97 335 2
605 797 1
231 320 1
338 726 1
652 568 1
523 893 2
677 503 2
215 908 1
469 400 2
547 850 2
833 978 1
102 425 1
731 36 1
25 981 1
729 208 1
379 92 1
461 849 1
389 880 2
203 615 1
641 830 2
3 906 1
519 410 2
194 430 2
226 311 2
921 191 2
352 457 2
566 881 2
637 997 2
60 784 2
731 113 2
944 950 2
144 11 1
458 521 2
807 988 2
752 328 2
742 157 1
84 910 1
687 563 2
674 621 1
141 597 1
456 519 1
748 232 1
286 704 2
245 145 1
279 661 2
7 113 2
392 321 1
534 23 2
851 528 1
69 47 1
59 144 1
480 117 1
301 951 2
512 573 2
168 813 1
908 106 1
26 329 1
550 337 1
158 415 1
833 195 1
264 630 2
891 808 1
947 230 2
489 506 2
699 698 1
987 562 2
673 453 1
901 852 1
229 608 2
180 494 2
991 420 1
7 29 1
104 795 2
273 355 1
859 327 1
534 51 1
667 117 1
700 392 1
925 776 2
249 292 1
28 309 1
877 514 1
824 708 2
519 297 2
964 182 1
368 156 2
570 431 2
517 222 1
760 503 2
874 706 2
750 189 1
848 5 2
470 790 1
103 686 1
959 192 1
326 262 2
932 241 1
835 823 1
255 614 1
65 343 1
236 921 2
288 522 1
482 39 1
900 78 1
304 117 2
288 251 2
186 228 1
464 187 2
594 619 2
459 709 1
892 483 2
997 17 1
12 955 1
732 257 2
324 26 1
673 77 1
293 27 1
355 792 1
362 732 2
601 611 2
620 880 2
171 68 2
390 752 1
346 793 1
670 802 2
215 464 1
119 661 1
596 835 1
123 227 2
573 714 1
916 914 1
738 824 2
978 883 2
842 457 1
707 409 2
1 815 1
632 553 2
970 73 1
263 659 2
858 821 2
917 855 2
920 392 1
427 475 1
46 44 2
223 343 2
653 903 2
669 922 2
326 256 1
127 629 1
139 481 2
520 245 2
595 28 1
252 783 1
984 468 1
944 903 2
687 839 1
150 477 1
756 128 1
115 413 2
522 206 2
216 390 2
511 825 1
119 534 1
361 151 1
759 732 1
33 544 2
996 583 2
534 244 1
631 425 1
445 12 1
937 10 1
910 193 2
838 29 2
391 268 2
435 867 2
637 293 2
235 9 2
134 993 1
55 617 2
669 736 1
787 488 1
31 469 1
822 794 1
685 765 1
89 809 1
711 61 2
253 548 1
25 365 2
962 323 1
845 385 2
644 632 2
371 798 1
68 100 1
964 304 2
256 462 1
342 445 2
390 893 1
946 399 1
53 511 1
391 621 1
760 82 1
967 77 2
229 771 1
323 627 1
458 427 1
147 671 1
82 227 1
784 351 2
58 476 1
696 870 1
475 995 1
101 800 1
679 839 2
167 691 2
163 373 1
727 184 2
357 12 1
511 870 1
917 327 2
139 530 1
181 152 2
604 318 1
857 819 1
889 243 1
818 604 1
105 608 2
832 609 2
122 163 1
179 142 1
534 302 1
860 834 1
777 762 1
405 534 1
273 43 2
217 459 2
673 72 2
720 184 2
517 349 2
658 35 2
256 426 2
586 278 1
629 385 2
892 331 1
972 895 1
776 814 1
859 608 2
198 578 1
9 645 2
967 919 1
575 964 1
763 553 2
800 855 1
75 786 1
922 565 2
628 848 1
245 793 1
306 776 1
827 96 1
921 159 1
631 864 1
995 219 2
938 874 1
167 624 2
440 985 1
222 376 2
403 874 1
156 345 1
757 820 2
266 95 2
148 269 2
740 548 1
861 512 2
457 524 2
306 359 1
960 64 2
250 370 1
988 955 2
373 793 2
836 173 2
52 355 2
471 345 2
935 822 1
170 506 2
498 636 1
585 522 1
933 671 1
814 121 2
125 786 2
784 199 1
849 300 1
713 932 1
461 952 1
873 369 2
686 32 2
665 918 1
699 425 1
768 130 2
355 167 1
439 166 2
325 899 1
782 924 1
134 177 2
385 597 2
386 395 1
664 735 2
873 925 1
71 799 1
260 66 1
388 840 2
892 877 2
849 303 1
439 110 2
944 972 2
240 415 1
432 328 2
707 912 1
953 337 1
239 89 2
739 546 2
19 841 2
103 673 1
966 96 1
999 551 2
885 221 2
597 2 2
704 603 1
975 556 2
82 861 2
726 174 1
831 365 2
892 343 2
295 605 2
922 343 2
985 810 2
153 315 2
37 573 1
832 9 2
140 981 1
14 928 2
981 720 2
402 428 2
614 895 2
829 37 1
291 871 1
627 171 2
268 540 2
827 840 2
622 135 1
105 619 1
159 568 1
205 720 1
251 948 2
806 704 1
590 107 2
428 434 1
755 710 1
9 264 2
310 324 2
125 813 2
555 244 1
433 905 2
412 444 2
497 478 2
933 775 1
536 105 2
935 731 1
45 726 1
168 208 1
458 384 1
805 81 2
376 928 1
340 831 1
625 942 2
248 537 2
624 543 2
184 436 1
910 116 1
979 241 2
65 772 2
323 908 2
667 895 1
64 75 2
420 371 1
818 242 2
42 336 2
812 992 2
296 976 2
246 626 2
586 131 2
782 838 1
903 265 2
687 314 2
194 418 1
587 447 2
702 8 1
978 528 1
90 501 2
565 885 2
978 369 1
425 10 1
831 327 1
27 977 2
339 34 2
593 998 1
877 597 1
661 562 2
109 641 2
704 891 2
292 906 1
287 188 1
722 8 2
272 346 2
406 659 2
850 551 2
272 897 1
141 943 1
615 992 1
311 239 2
29 393 2
229 289 1
111 945 1
66 376 1
299 536 2
37 615 2
58 460 2
377 876 2
16 925 1
420 605 1
163 399 2
282 879 1
72 954 2
493 671 1
169 557 2
989 327 2
68 267 2
838 447 2
972 372 1
479 174 2
367 507 2
393 662 2
685 308 1
777 703 2
855 78 1
81 700 1
966 99 1
618 890 2
589 70 1
523 908 2
266 640 1
649 807 1
565 267 1
44 604 2
624 858 1
536 779 2
707 561 2
437 868 1
722 756 1
590 487 2
139 576 2
333 276 2
929 466 1
239 458 1
665 444 2
822 117 2
376 800 1
698 866 1
281 838 2
928 424 1
74 80 2
943 38 2
419 165 1
81 371 1
407 35 2
277 619 2
377 35 1
428 841 2
569 270 1
794 911 2
670 18 1
881 524 2
804 115 2
471 371 1
402 58 2
53 181 2
690 504 1
865 233 2
312 481 1
72 624 2
948 683 2
240 598 1
156 941 2
568 588 1
479 619 2
45 899 2
826 599 1
180 515 1
628 384 2
902 136 2
354 458 2
323 515 1
41 967 1
951 222 2
70 388 2
586 797 2
91 758 1
843 847 2
841 54 2
707 274 1
928 536 1
201 701 2
832 351 1
363 755 1
675 820 1
724 189 1
774 60 1
141 367 2
672 817 2
243 984 2
517 929 2
624 973 1
987 202 2
899 392 1
985 37 2
295 213 2
915 861 1
271 586 2
579 355 2
979 50 2
310 226 2
507 63 1
852 401 2
190 390 2
975 612 1
546 873 1
584 246 1
608 821 1
687 824 1
955 456 2
416 227 1
397 210 1
11 716 1
957 344 2
543 701 2
705 495 2
868 777 2
882 633 2
693 670 2
109 880 2
871 329 2
742 481 1
101 318 1
780 935 1
975 818 2
827 825 2
781 72 2
167 858 2
115 609 2
626 670 1
349 54 2
728 394 1
983 997 2
280 847 2
942 897 1
652 574 1
587 654 1
669 113 1
135 899 1
700 172 2
421 856 1
638 466 2
610 603 1
892 211 1
922 150 2
451 173 2
788 238 2
1 781 2
41 512 1
116 408 2
548 484 1
509 128 2
5 260 1
263 493 2
349 679 2
110 836 2
189 705 2
184 835 2
476 147 1
230 135 2
217 983 2
44 354 1
323 595 1
71 177 1
226 583 1
838 102 2
345 812 1
638 397 1
372 31 2
864 672 2
307 866 2
275 699 2
970 704 1
400 689 1
566 444 1
920 688 2
229 296 2
473 142 2
531 914 1
283 966 2
380 480 2
253 828 2
650 661 2
624 486 1
360 826 1
204 872 1
548 725 2
715 228 2
185 571 1
787 633 1
563 111 1
743 882 2
547 224 1
747 563 1
671 934 1
610 233 1
139 722 2
362 893 1
119 361 1
426 819 1
668 931 1
965 423 1
276 133 2
844 127 1
936 778 1
989 71 2
770 248 1
505 265 2
478 164 1
135 694 1
525 658 2
708 921 1
759 952 2
782 476 2
851 753 1
23 408 2
300 879 1
591 809 1
103 935 1
402 970 1
588 265 1
689 791 2
407 429 1
358 294 2
906 469 1
186 207 1
143 475 1
802 247 1
377 843 1
839 171 1
698 356 2
736 571 2
641 134 2
105 490 1
382 250 1
497 99 2
301 567 1
882 478 1
614 170 1
500 831 2
214 354 2
995 402 1
913 12 2
924 162 1
697 693 1
432 794 1
73 934 1
146 246 2
486 93 2
838 725 1
529 519 1
449 980 1
117 805 1
577 950 2
141 313 1
258 296 1
546 571 2
740 704 1
841 886 2
356 129 2
145 583 1
433 432 2
321 507 1
836 364 1
522 468 1
647 725 1
273 656 2
969 764 2
257 650 2
433 819 1
986 135 2
866 989 2
347 746 1
807 38 1
474 625 1
802 724 2
296 643 1
595 956 2
585 850 2
868 913 1
129 84 2
447 74 1
358 213 2
881 928 2
897 872 2
866 703 1
796 763 1
703 794 1
594 32 1
453 274 2
333 791 1
397 160 2
855 464 2
482 409 1
336 250 2
773 297 2
376 847 2
479 927 1
411 737 2
689 738 1
482 301 1
114 871 1
332 156 2
632 389 1
14 173 2
296 20 1
136 147 2
278 765 1
470 199 2
294 513 1
583 156 1
528 1 1
616 831 1
186 660 2
236 517 2
686 243 1
867 747 1
961 688 1
36 943 1
624 443 2
619 147 1
862 880 2
329 762 1
856 255 2
963 214 2
249 615 2
288 151 2
677 82 1
55 762 2
157 146 1
299 662 1
46 102 1
457 334 2
253 874 2
358 935 2
336 452 2
518 215 2
370 14 1
702 738 2
836 504 2
54 596 1
665 355 2
399 154 2
891 585 1
378 802 1
860 913 2
711 86 2
856 100 1
979 136 2
330 243 1
396 535 1
835 231 2
896 266 1
511 516 1
130 443 1
702 933 1
827 832 2
516 715 2
291 918 2
734 788 2
484 715 1
585 951 1
572 590 2
