1000 1200 767
813 453 1
274 321 2
323 352 2
699 831 2
627 297 2
539 698 1
518 93 2
954 34 2
622 718 1
922 78 2
826 408 1
569 78 2
805 388 1
851 374 1
253 945 1
230 228 2
190 942 1
3 764 1
863 61 1
324 912 2
802 12 2
848 155 2
234 999 2
750 473 2
438 560 1
933 566 1
260 983 2
835 360 2
652 192 2
296 902 1
591 544 2
371 417 2
622 149 2
504 497 2
566 760 1
328 911 2
903 533 1
726 477 1
440 527 2
532 415 2
65 830 1
452 849 2
35 2 1
842 168 1
517 355 2
40 982 2
867 902 2
261 275 1
366 675 1
396 952 2
188 560 1
98 190 1
208 56 1
239 850 2
145 401 1
13 221 1
291 420 2
895 546 1
241 181 2
674 548 2
611 125 2
869 900 2
113 444 2
898 510 1
835 772 2
503 100 2
968 596 1
928 963 2
360 747 1
556 537 2
764 928 1
420 884 2
957 698 2
662 711 1
228 359 1
601 747 1
843 100 2
570 943 2
382 599 2
202 638 2
7 102 1
967 54 1
741 177 1
171 31 1
920 655 1
58 169 2
89 718 1
914 475 2
761 341 1
938 351 1
513 496 1
208 538 1
443 211 1
332 600 1
676 271 2
945 256 2
578 235 1
973 100 1
592 621 2
51 834 2
705 663 1
538 959 1
463 352 1
520 963 2
944 891 2
518 719 1
602 703 2
593 703 1
427 367 1
126 903 1
84 755 1
286 602 1
20 84 1
46 174 2
616 451 1
675 326 2
544 938 2
130 636 1
659 609 2
177 376 1
133 937 1
795 541 1
606 108 1
348 382 1
485 488 1
155 556 1
26 253 2
680 697 2
578 472 1
456 608 2
991 572 1
302 467 1
733 35 2
101 725 1
918 688 2
270 777 2
84 703 1
167 619 1
577 572 2
200 664 1
62 783 1
944 735 1
155 306 1
625 543 2
788 719 1
785 967 1
93 753 2
548 23 1
326 994 2
111 132 2
911 607 2
796 872 1
304 14 2
446 748 2
811 414 1
986 899 2
821 699 2
806 799 2
626 891 2
711 575 2
382 341 2
120 750 1
522 324 2
235 239 2
665 643 1
511 451 2
854 869 1
756 909 1
957 14 1
939 507 2
415 686 1
186 649 1
981 271 1
601 569 1
709 98 1
936 497 1
570 641 1
419 386 1
933 606 2
793 321 1
811 983 2
569 905 2
653 11 2
541 324 2
189 664 2
703 701 1
394 345 1
137 47 2
14 164 2
945 439 2
666 766 2
276 960 1
439 300 1
842 145 1
60 864 1
488 413 1
296 412 1
865 791 2
749 612 2
641 979 1
265 122 2
317 333 1
85 82 2
306 513 1
270 485 2
638 639 2
110 418 2
420 626 2
634 329 1
951 838 1
191 869 2
983 179 2
617 867 1
831 950 2
286 123 1
525 931 2
372 771 2
740 209 2
751 698 1
33 542 2
257 965 1
712 133 1
365 369 1
119 58 1
380 603 1
689 912 1
861 749 2
238 348 1
624 277 1
779 36 1
498 299 2
511 686 1
572 678 1
39 981 1
521 554 1
797 873 2
29 599 1
367 890 1
113 985 1
438 780 2
11 893 1
324 683 2
900 84 1
989 379 2
43 604 1
249 103 2
705 679 2
122 899 2
282 828 2
932 91 2
618 339 2
70 496 1
587 14 1
271 424 1
748 799 2
529 746 1
658 282 2
954 89 2
521 139 1
912 449 2
6 435 2
349 485 2
733 257 1
234 525 1
678 504 1
187 570 2
538 787 1
305 352 1
145 260 1
631 90 2
926 567 2
65 756 2
634 283 2
400 574 2
291 97 2
213 739 2
983 166 1
656 693 1
883 149 1
724 723 2
333 767 1
431 145 1
361 983 1
279 822 1
677 949 1
570 883 2
442 928 1
783 12 2
629 497 1
591 134 2
346 649 1
280 218 2
870 473 1
388 729 2
588 517 2
936 468 1
395 570 2
219 795 2
503 333 2
833 650 1
781 525 1
53 751 1
228 932 2
314 506 2
419 754 2
56 37 1
998 271 1
93 735 2
389 652 2
405 401 1
143 191 2
672 78 1
625 407 2
911 246 1
534 392 2
304 681 2
11 246 1
57 221 2
551 220 1
420 297 2
626 790 1
889 839 2
975 392 1
928 425 2
380 562 1
143 679 2
269 795 2
218 931 2
171 393 1
930 242 2
710 590 1
73 750 1
532 853 2
101 498 1
864 996 1
104 970 1
343 184 1
7 100 2
27 741 1
68 699 2
919 956 2
609 72 2
445 513 2
621 738 2
479 405 1
398 31 1
218 322 1
227 205 2
263 829 2
591 148 2
700 653 2
41 665 2
855 874 1
394 661 1
904 941 1
297 138 2
455 911 2
970 1000 2
75 473 2
216 911 2
476 518 1
575 788 2
934 99 2
874 818 2
343 244 2
829 835 2
79 823 1
418 765 2
292 199 1
454 57 1
741 513 1
806 185 1
77 669 1
132 102 2
320 1000 1
864 754 2
494 342 2
998 997 1
770 801 2
935 43 2
50 482 2
607 976 1
205 851 2
298 47 1
231 856 2
176 936 1
354 274 1
640 528 2
238 928 1
888 549 2
159 50 2
783 574 1
283 96 1
364 543 2
475 552 1
738 202 2
508 293 2
226 863 1
589 108 1
271 741 2
9 216 2
995 638 1
828 924 1
454 566 1
248 457 1
25 582 2
249 92 2
943 506 1
266 289 2
474 993 2
952 395 2
544 28 1
539 32 2
811 111 1
349 162 1
175 468 1
91 167 2
271 300 2
415 22 1
109 39 1
564 497 1
529 958 1
254 721 2
52 549 1
506 333 2
49 582 1
341 995 2
971 566 1
252 867 1
470 686 2
778 478 1
693 789 1
474 238 1
266 947 1
84 875 2
266 142 1
107 922 1
649 460 2
452 540 2
237 985 1
758 467 2
256 682 1
132 21 1
256 208 1
672 391 1
455 231 2
625 428 2
108 280 2
897 276 1
507 375 2
599 558 1
302 898 1
392 996 2
15 893 1
427 65 2
573 970 1
447 273 2
43 243 2
516 933 1
75 341 2
945 738 1
838 899 2
37 425 2
635 138 2
315 88 2
111 873 2
284 838 1
82 582 1
876 584 1
399 188 2
557 605 1
808 207 1
330 630 2
937 928 1
633 672 1
117 522 1
717 10 1
720 698 1
133 25 2
167 315 1
561 7 2
992 680 1
992 423 1
9 498 1
538 96 2
971 463 1
563 562 2
889 546 2
238 564 1
948 223 1
462 650 1
106 579 2
834 70 2
850 852 1
717 547 2
43 1000 2
984 986 2
949 357 1
432 51 2
708 895 2
567 116 1
287 820 1
628 621 1
823 5 1
791 55 1
703 324 1
51 379 1
686 697 2
917 99 1
803 435 2
516 476 2
598 847 2
893 44 2
841 634 1
334 496 1
581 116 1
961 743 1
467 808 2
905 839 2
914 414 1
639 914 1
517 8 2
287 669 1
897 195 1
691 485 1
215 418 2
348 530 2
757 909 1
479 926 2
166 877 1
604 674 2
569 713 2
82 871 1
75 123 1
618 483 1
801 434 2
14 266 2
555 80 2
625 666 1
90 497 2
762 43 1
513 356 2
708 1000 1
509 15 2
529 381 1
811 470 2
819 338 2
2 534 2
151 949 1
395 926 2
148 46 2
319 780 1
914 692 1
964 852 2
385 504 2
842 839 2
717 212 1
612 66 1
550 931 1
899 225 2
117 320 2
593 754 2
362 912 1
900 453 2
909 276 2
952 739 2
1 300 2
625 391 1
878 735 1
393 673 1
40 563 1
279 269 1
193 698 2
515 568 1
417 381 2
199 301 1
412 964 2
270 35 1
712 907 2
824 316 1
19 431 1
423 157 1
395 448 1
553 776 2
231 780 2
800 358 2
522 499 1
395 930 2
319 85 2
458 348 1
127 201 2
40 937 1
780 643 1
548 400 2
381 768 2
856 472 1
196 538 1
427 203 2
453 327 2
686 539 1
108 570 1
720 902 2
505 1000 2
934 8 1
139 882 2
358 943 2
538 533 2
286 233 2
131 948 2
18 591 1
243 200 1
813 459 1
100 964 1
395 100 1
257 711 2
343 887 1
949 337 1
986 519 1
210 601 2
258 793 2
20 323 1
803 29 2
505 885 2
963 469 2
884 956 2
836 505 2
148 417 1
485 212 1
565 70 1
444 529 1
203 360 1
585 79 1
166 798 1
487 492 2
714 479 2
698 636 2
660 825 1
330 833 1
874 261 1
581 474 1
936 53 1
698 387 1
118 263 2
545 197 2
255 488 2
174 182 2
541 564 1
778 621 2
200 403 1
342 918 2
317 561 2
666 671 1
176 91 1
110 848 1
345 266 2
643 412 2
311 376 1
155 596 1
12 932 2
367 127 1
726 506 2
896 489 1
563 772 2
978 658 1
429 687 1
970 264 1
567 295 2
340 487 2
57 547 1
916 895 1
831 981 2
212 718 1
340 703 1
221 324 1
326 542 2
673 118 1
126 45 1
27 972 1
290 709 2
356 896 2
815 838 2
934 150 2
556 604 2
249 518 1
554 733 1
304 862 1
801 496 2
821 664 1
679 510 2
243 105 1
147 608 2
106 365 2
536 992 1
369 856 1
865 209 1
540 933 2
316 930 2
41 63 2
877 906 2
878 155 2
636 581 2
883 931 1
498 727 2
976 421 1
434 293 1
444 714 2
560 459 2
533 373 2
619 301 2
79 787 2
290 450 2
647 584 2
459 291 1
437 611 2
382 367 1
399 489 2
368 955 2
170 886 1
703 143 2
647 749 1
650 107 2
629 942 1
158 771 2
258 809 1
478 798 1
238 214 2
285 671 1
335 144 1
181 476 2
792 767 1
319 63 1
201 760 1
359 439 1
792 370 2
237 785 1
750 206 2
953 433 1
133 336 1
225 702 2
199 887 1
633 595 2
468 845 2
122 793 1
701 628 1
437 199 1
265 539 2
179 591 2
979 893 1
963 591 2
403 116 1
940 463 2
452 380 1
674 858 1
298 76 2
499 668 1
256 427 2
744 875 1
677 79 2
397 931 2
389 424 2
690 224 1
106 823 1
47 677 2
567 744 1
709 869 2
846 515 2
874 328 2
312 9 1
387 787 2
235 335 2
135 66 1
586 234 2
920 605 2
574 351 2
849 250 1
857 467 2
516 569 2
516 645 2
521 372 1
65 999 2
612 637 2
453 992 1
112 917 2
950 180 1
220 443 1
694 172 1
446 893 2
309 937 2
432 407 1
873 477 1
69 711 2
898 263 1
559 510 1
438 629 1
1000 741 1
843 674 1
591 734 1
493 57 1
228 902 2
525 429 2
426 408 1
562 144 2
196 665 1
558 275 1
691 885 2
371 989 1
102 221 2
445 651 2
787 199 2
556 961 1
353 691 2
907 120 1
883 928 1
400 265 2
953 810 2
842 420 2
31 514 1
966 827 1
280 241 2
954 50 1
165 272 2
618 307 2
950 572 2
927 924 1
808 946 2
704 310 1
69 583 1
203 29 2
312 979 2
424 931 1
137 327 2
111 519 1
266 479 2
558 736 2
672 602 1
521 756 1
968 751 2
842 906 2
290 269 2
797 567 2
388 348 1
713 693 2
710 931 1
544 669 2
785 911 1
735 487 2
410 680 1
24 798 2
642 637 1
599 843 2
477 575 1
461 337 2
712 207 1
244 879 1
204 923 2
106 70 1
82 221 2
218 225 2
959 657 2
967 79 2
89 950 2
646 670 2
675 942 1
403 388 2
579 443 1
562 706 1
32 102 1
475 728 1
337 328 1
374 706 1
225 600 2
917 215 2
29 961 1
799 285 2
626 208 2
200 510 1
616 601 2
84 943 1
379 112 2
975 775 2
461 381 1
132 35 1
481 724 2
458 873 2
579 781 1
307 851 1
745 466 1
198 262 2
137 149 1
564 961 2
947 432 2
365 82 1
666 833 1
884 281 2
210 892 2
286 866 2
679 280 2
189 763 1
723 655 1
199 500 1
208 544 1
601 618 2
210 615 2
731 457 1
786 581 2
556 80 1
178 607 1
315 280 2
238 155 1
875 183 2
811 668 1
531 46 2
197 288 1
932 125 1
213 996 2
955 178 2
69 595 1
61 490 2
427 619 1
117 678 1
70 783 1
891 720 1
870 460 1
635 512 2
891 363 2
962 755 2
776 49 1
595 507 1
887 731 1
264 266 2
968 557 1
357 1 1
66 293 2
504 101 1
525 858 1
459 27 1
294 930 2
573 96 1
681 338 1
805 152 2
378 287 1
917 271 2
875 289 1
163 945 2
641 35 1
534 586 1
219 387 1
202 873 1
285 652 1
602 948 2
865 976 2
264 479 2
670 467 1
833 548 2
93 203 1
81 603 2
46 889 1
934 490 2
74 659 2
65 483 1
97 308 2
238 225 1
105 9 1
678 453 1
308 251 2
460 9 2
715 941 2
720 183 2
34 743 1
508 601 2
25 880 1
301 790 1
168 669 1
50 616 1
126 716 1
426 394 1
913 326 2
880 59 1
554 760 2
501 689 1
593 397 1
315 638 2
45 831 2
947 735 2
765 207 2
911 199 1
93 14 1
237 140 2
204 978 2
208 471 2
769 88 1
665 878 1
360 513 2
882 535 1
370 589 2
508 431 1
963 837 1
698 884 2
120 654 1
472 649 1
474 569 1
289 870 1
618 756 1
192 327 1
850 711 2
892 438 2
761 771 2
239 217 1
165 119 1
208 860 2
574 144 2
483 650 1
228 529 2
766 592 1
90 319 1
415 453 2
965 194 1
383 886 1
630 707 2
575 116 2
957 582 1
489 825 1
581 274 1
295 7 2
666 742 2
733 574 1
306 529 1
496 759 1
69 529 1
592 620 1
618 633 2
264 875 1
738 360 2
549 208 2
167 949 2
478 746 1
521 419 2
663 60 1
661 34 1
212 74 1
583 639 2
706 623 1
817 991 1
117 542 1
428 691 2
72 687 2
839 877 2
965 211 1
171 561 1
47 101 1
702 59 1
729 789 2
118 436 1
960 751 2
972 636 2
481 128 1
616 777 2
788 932 1
275 911 1
758 193 1
341 121 1
539 848 1
667 382 2
773 344 2
208 130 1
256 824 1
269 889 1
246 26 2
391 586 1
959 309 1
509 222 1
192 483 1
797 210 1
413 683 2
699 512 1
179 578 1
221 310 1
631 163 2
829 758 2
479 664 1
256 454 1
439 233 2
887 187 1
830 213 2
721 989 2
313 557 1
69 702 1
794 385 1
962 380 1
280 525 2
647 965 2
110 745 1
897 844 1
965 733 1
44 740 1
976 879 2
446 735 2
480 418 1
196 633 2
235 77 1
299 69 2
489 712 1
273 524 1
379 541 2
791 858 1
208 558 1
559 142 2
561 811 2
809 152 2
310 620 1
80 679 2
370 804 1
742 659 1
723 551 1
282 626 2
994 370 2
426 754 1
604 702 1
538 531 2
122 980 2
440 72 1
346 522 2
565 667 2
148 889 2
452 374 1
51 47 1
778 315 2
393 570 2
942 693 1
193 168 2
444 91 1
746 634 2
629 867 2
608 963 2
242 161 1
513 36 1
203 646 1
905 587 1
187 236 2
18 586 1
251 629 1
378 525 2
243 287 1
756 585 2
53 849 2
674 523 1
972 206 1
75 399 2
267 670 2
281 381 2
250 526 1
465 952 1
549 202 1
854 276 1
154 515 2
265 734 2
851 736 1
174 471 2
298 952 2
244 856 2
779 821 1
646 979 2
19 697 1
937 566 1
765 851 2
742 703 1
428 525 2
663 189 2
803 998 2
790 408 1
477 556 1
289 649 1
141 767 2
690 322 1
499 663 1
909 389 1
610 887 1
590 580 2
423 508 1
729 222 2
452 337 2
677 738 1
174 74 1
386 361 1
448 616 1
71 281 2
1000 805 2
224 787 2
439 151 2
713 521 1
49 363 1
556 314 1
168 986 1
550 181 2
396 566 1
83 555 1
509 319 2
518 211 1
513 817 2
203 421 2
