922
201611571 896825901 158457378 887328494 274096256 497229991 821050570 
407078777 228410617 979432697 262024645 217664446 566801664 855899638 
32328767 78514018 85750891 765360541 607803893 592410783 467031230 
564056192 507545660 808964068 799107795 619842563 637214019 457946358 
219398763 459522503 744185766 862935539 794873354 216149788 688512817 
315159898 822538959 799123788 265895433 59916303 251368406 634418774 
951797752 411766982 951352415 148379479 380539305 628733837 940894938 
153007417 810642796 819546725 634973631 528923656 469528179 445075808 
767207298 159971363 350967324 966397037 783744060 574186699 929469915 
778993509 171572076 121460068 981223169 690547939 565290773 56838582 
408507170 842691480 408281760 203123586 550575597 62218304 188522441 
927014073 441542948 948766086 79440228 919940745 958220966 529559268 
629853830 345422149 383949710 705242470 467652121 568936616 567417829 
548327819 404198896 388820866 885367526 930560209 432488418 714095191 
950385942 793809215 266197040 379018662 317846797 32379851 666028681 
855534384 26085090 221230236 263193675 856312484 848380285 811298924 
91701804 80194303 279250582 38105550 12501255 945370589 212516632 
951119988 655888530 205970080 435307973 864659477 765985687 106413069 
756843160 160753205 428401620 912183114 950585317 747976448 710450662 
385448869 538364920 708060366 420367859 978121073 382554185 486144135 
105222787 66500277 22845827 998671057 596509511 781531625 869977923 
393179882 977499035 673107171 697027101 6386205 984214106 142956078 
782488242 504190522 763610064 72122824 158823339 824907006 884720074 
664734118 990724213 852301473 94431469 490478470 434858104 310112602 
26726615 13196998 818470931 529993605 55960699 832828791 775349061 
117014258 321795798 497936257 437184328 786544401 577498185 839357330 
414417804 249043637 547998508 79756619 184198101 927512667 790824740 
487924606 729449646 50511954 913440616 791278410 964517437 847499679 
57297320 305617607 144380253 590009044 113688393 196774079 11386435 
964595219 190654861 675877897 99547308 850214516 65814922 710203229 
474788187 14958576 798001460 636828912 251774624 619573902 381526006 
402227611 595837646 146540399 104276514 301783285 704322800 295324795 
180931258 234535245 243338114 218346780 971623928 797649288 480638457 
561145946 183125966 538228286 836612685 462403676 222008532 987525858 
180965127 895300728 139786367 449939572 717633158 236631805 476421389 
512324583 183160870 591647924 438078982 884616630 766345097 636120957 
96288551 155957065 665036092 438836271 17246739 959563754 887792983 
813507947 216096849 785613361 391478111 473672618 167579449 829299993 
744614669 770985801 651979191 287568746 516062219 399701948 991145373 
83924173 41238019 542044488 86530186 593193575 901723049 519318623 
979368801 266459703 722012281 952441292 808306440 294609487 838988794 
830143851 46243553 955725564 141462076 386260271 540846256 926355605 
109868979 415403309 641994314 120331402 282392924 407516621 67859506 
702645896 491529644 85721767 202482600 265453718 993109893 919163895 
102907067 623565885 784671489 346980269 568746303 930931042 72649230 
244902729 146211314 835504292 772055265 246492745 667093220 367251402 
277507366 480844244 791870049 9273098 846273812 363124660 895236110 
590431046 7807761 787885340 557617299 453573199 947092559 844515125 
422696820 319235486 706026427 932708115 795534059 224096054 543758084 
480378390 849520776 120962554 776554418 253739866 762863822 920504792 
293092074 631448740 50170754 296846448 447387481 247640889 944960193 
765890919 9799602 165794554 327461087 569840464 17402965 311888560 
706610864 93575688 538103396 291647903 754858237 291327500 41886979 
955295342 267933447 112501469 145260980 681300651 792458048 195917199 
675830913 338350062 983162999 963220741 376026729 324894881 63247199 
117100232 404586878 460787461 632909029 209872702 248315998 735076529 
814019338 626990374 353767137 901375521 104851662 764662872 436715322 
177230884 919501070 548891611 725903683 576920095 120043365 897473240 
4213369 884861628 314713232 504640575 65783874 521088137 553826715 
995076837 631231685 107077187 124996152 25709837 172359138 797451298 
57524344 202370928 667773087 924051104 371136518 522039670 434619719 
954491292 349049477 682164403 728457001 698776607 707070708 57798000 
270159300 11406800 728831823 597109688 491235245 459530282 401515325 
396371825 422380118 120168278 13024089 245853233 317512409 305769728 
619914077 706749748 733680144 527966803 221285061 481825263 908942747 
449377189 199059767 895458427 64132102 354928352 592069975 876221081 
813656441 664972897 606825883 451053283 213354194 594656854 90360342 
347949681 227765603 628383078 661677131 21535135 495359355 605835571 
979435323 766502455 180399839 726424524 355387960 785119117 402865545 
520093316 970932496 600971309 90605358 326024331 522616539 493426617 
681604898 686101262 950158007 718005225 610591570 943120040 26418308 
144749628 37331925 899693793 733823435 836261084 976138098 778023935 
669076040 718768010 671298661 521445832 472528530 733246364 386775933 
211248226 872170 381466765 487735077 386486484 32797225 961058689 
914044794 244064398 402895953 151700215 845867322 272803149 304514563 
244011391 57902710 197297790 902084842 368476785 710803007 398843882 
347909396 822524508 435810600 526374199 417596723 5754695 333882910 
967859143 370461327 145314667 39417529 548610704 334080915 920191526 
115558201 865610803 123368344 140603666 187322821 883326793 42833276 
620828878 167634411 391942302 396522537 535519054 307463923 742499173 
880780662 82073325 376676145 166756822 409914384 456952436 487168073 
347284671 708245687 280563087 187061576 173624096 845657299 443205258 
525839314 232166837 598246807 561289390 523276853 247459766 459357137 
423501735 724207968 692202416 754110857 683503942 387010399 635322457 
289968825 844511603 778554156 557801716 29227027 500968434 359733706 
591406021 895355293 28769976 666500103 316569946 331048344 843706693 
532987230 766593306 897034221 207824115 529949543 39155478 287278200 
265191932 825767084 164988212 832801054 112193194 818917435 393340596 
995470895 624722401 64880364 174901210 146172305 909100171 762371024 
363940038 94176973 57778187 869125869 113635033 84620052 386583918 
220205716 30924759 238292152 911250919 535128129 344974618 108160539 
535559951 650573081 274113557 736436631 212203236 477615365 53249441 
73212478 664883897 994177527 309566539 556533167 581441377 528265425 
220661953 91129489 502459094 614885675 464607187 781805359 74680559 
785304996 637794023 237912238 684334917 623226649 243713166 514801701 
230617539 629552571 274151497 50310442 354223926 266838779 966079309 
860804667 873061942 493702262 688214481 990248333 909875834 591691478 
629894520 224080748 38270572 234656139 31961169 558147427 568257671 
657087183 282597498 489035652 709168266 771994485 330412764 852327636 
717891007 822693720 831857466 919550605 744109751 113418163 776558602 
631814479 553387647 874257030 569390604 257518948 345765024 997335423 
951496330 979882464 516359345 974281004 113234913 182520547 715310100 
945844046 3972145 598903629 119187534 474237566 810678763 521472768 
543588324 812435969 366359060 438986971 793189513 65424174 254985572 
664027696 792576073 36301287 438288245 576850282 940397957 472792372 
828273592 799556386 698900855 767822769 546700375 737592098 658625405 
331060655 553583620 22101427 375932192 905045046 795312245 408023462 
361029615 65311160 707194587 930696683 354918319 741578934 149599242 
19100037 408006957 773083330 964640253 899678439 547684890 553372493 
879698887 188193070 753763247 827442416 692126999 955093712 26733681 
163027351 921079268 122472953 585195034 994272431 505687254 530373270 
924989201 337309131 701681356 146180055 696029577 173125795 854125015 
675667101 775349131 155807543 559491969 333563829 158723356 153043049 
463468700 692617574 756547951 561985702 928728444 383390317 45163055 
898443200 146632830 484880910 456758214 583182355 249550301 503421719 
131044430 3774997 825972957 674022107 404783043 714427927 410545556 
343111092 562146299 312219126 726725554 591973216 849291112 78617437 
184567169 677746854 483815677 665128750 236099246 90438315 364272689 
371543082 879333457 853066896 544823618 705734784 20099022 861643407 
121038163 495538845 370543035 971554102 546917132 110314076 587423339 
821819032 660940805 896545888 912538171 811214105 32544561 733416649 
508903387 726444574 221627691 361557723 298131109 648558456 639418992 
846972511 515770690 114225216 593926302 666209965 116876151 575573869 
861455019 182875983 740103495 872803829 604317276 217352679 699287429 
720352619 739858038 677327610 21115293 277599730 276280561 597195871 
297566112 678921339 818568333 902016439 580720471 374078413 133315215 
279849670 121722591 858266109 426798255 866596558 415541533 766883696 
365953345 196413200 953603930 412308223 240180645 232206956 504903926 
425200031 469556750 953771117 812416094 28515763 747037548 619368855 
929390893 442556202 430419114 679278077 416075710 528546511 488229657 
398484928 724612674 727876329 446074638 204901465 367063302 312830262 
986019168 219641747 974657636 286744579 530391271 701996933 832371665 
317368150 195376057 570032197 229774496 810131226 755679638 741628671 
45715573 952138826 868058252 987365396 957121661 502020065 323697329 
992078891 750426669 186298793 36527196 131156415 566368601 436583211 
64224951 481068002 332810810 299602282 959349729 557420974 220722818 
813853592 118709118 122421223 252583239 891217329 251177537 248218421 
487444159 7579299 500822193 161733422 681016181 237227816 801227644 
52676590 485797188 384788370 517270162 523141009 378877159 830798452 
928000216 673852309 340624203 984698845 789337302 270712474 278581877 
869120247 382932838 866872503 994792107 192644872 992092694 686665616 
323481853 378833454 863588069 915487983 107009391 528054766 622172002 
95101291 869625295 963608659 984182604 605777681 220585694 296638409 
202346402 225353505 571973984 229841446 480495552 249929836 656517828 
791268714 11677645 76774694 217976357 400009135 54834722 495782980 
554645334 30409544 797694064 407303625 949429939 70523228 212395644 
496845323 1887593 400412349 717418854 958420858 688479093 93420159 
365001424 154842529 676830067 169433422 455207147 618815719 690912806 
952459823 695740507 889282084 830299638 358338321 786993556 170488289 
2645263 300786686 561072687 34027263 481131074 3565527 322673834 
292781107 484417572 802486178 626098659 828777232 158973561 925415995 
174063377 623363678 743896287 99416865 174028487 846531364 983644248 
132292204 708324333 911895254 272747748 676270440 526876239 335530891 
788629991 840711528 226012995 423648846 927922529 673249240 960753452 
49685722 471584836 490574520 252675203 469118251 783141925 108825415 
152358867 701912537 289577095 599142497 660339970 801010046 35223369 
329226086 285336591 117373138 419316969 493744064 1352288 804969371 
249752731 176855700 439299635 62042788 348230628 162333449 82817232 
480175154 180241884 832998905 679479987 205531862 831073780 750567463 
336972443 137929715 421004890 561716133 258088870 386325213 807278181 
682773195 451549772 272762606 86235407 890595717 178065354 699031400 
648115464 244317343 988642666 905012340 75947183 292756450 43592362 
92239525 796385081 844196054 644403628 414882715 123340571 47484051 
940602837 569317759 204525715 516391656 491213613 560778599 11789863 
97190782 165067671 924098826 660804410 452878878 904475041 190373368 
925133832 708790677 336214508 105388964 61087737 780045068 291458457 
322315584 513596515 786055013 499077637 321455531 651819530 220993058 
858956875 181365696 968519888 722208818 621368114 751149893 258644585 
847598409 336980510 822103871 17552286 255935234 753034605 457174696 
236623162 48270143 580736376 242826893 152245204 349219459 674466703 
830773334 675556203 988498153 802868973 929293730 34565761 529138824 
788636359 651014982 528080862 128881251 3226383 683416850 869331508 
583061308 5464985 723279292 181986577 428095366 497019876 970224953 
313758901 192544907 417567595 924866470 633025487 493161038 214759166 
19412508 888654803 749219840 351814843 812015601 431713842 809664083 
364740161 917551893 245654029 247827738 953460162 451990568 201398533 
254801835 673608255 572770536 954093645 145365891 534533352 775282728 
680324244 253669374 382501639 279723099 54118259 758272102 322538750 
307057739 950804021 629409033 651245859 879301536 156949336 482987737 
799816865 811231232 215221408 691281754 675586867 619941474 986473308 
771762062 336822176 943308881 567363214 119285314 929123597 98600915 
907975539 258479902 784072045 700039339 29685329 23765149 875190368 
53207616 34962624 744299132 454214555 824996380 413592300 459629635 
737107627 178955329 889731170 44139267 864493950 573634249 396901387 
590826139 433854359 583072013 113847666 270630291 698262126 63109827 
224089740 493786752 738479738 659718901 812249219 575107354 599262414 
845653496 925212796 178026779 490199290 967942921 46854689 230623763 
712433060 946079000 180541321 420355337 693823648 179350860 240240997 
625101635 266560276 388911636 389769275 200702883 512654730 269669989 
59910907 549426754 884805899 404203059 82947858 225627027 179933090 
764481516 803625413 689484767 893796796 863388356 41652490 261188669 
678091641 826510473 946904413 731482260 529192552 481519230 38778306 
428947020 183727718 281280071 91324537 698521989 662310035 586866614 
734700747 819425149 574811346 716399542 801146540 572774112 41654965 
759065516 974343803 486473431 743743721 480507080 564057295 338690316 
454056872 654855346 887574100 880687807 862003453 197781589 269767028 
925157344 930890297 254295070 641846075 898892799 962583239 964301426 
128746003 172286773 704628928 67636909 540761464 807310506 594015542 
928565386 957340667 627142190 501242755 11225388 524484913 530288250 
409146200 644852992 203713466 381040228 938133170 243321011 172271319 
51310564 381331880 113736341 140915824 998648848 811264696 269072140 
349676161 932540489 977950766 919317108 39653939 418916030 799016000 
626245583 115962079 473249089 102498148 402137695 555086368 197171579 
339299715 781984098 302141392 636113116 789567248 797653011 84432692 
658321363 443636314 342463473 434101865 884252965 978209538 221995170 
699863224 102134263 243060147 281526133 3033910 605322515 360647688 
843788064 734388679 108139689 406214811 722721864 994244074 427420712 
55092367 395631979 86888142 715795170 211181872 723597969 264005512 
684671176 557450328 658533897 803574328 148314900 834267914 403364162 
375319801 543344022 945687963 228750692 848388696 103039521 177616591 
375212663 61528381 424796163 759669471 979887904 210524923 386172627 
710782460 360324859 409456250 163887700 510069387 720042921 745581011 
552205383 722244869 49584745 7601880 474749602 902766921 717615920 
783557480 262807314 503467765 115149825 491638504 723601544 165697132 
215702463 532718003 92001403 494105181 284994480 494942777 327279534 
772174486 440403559 849113772 723658938 633707121 8654396 237137712 
910137029 550610554 614764999 13225451 545963809 175548443 279488026 
459649298 35602633 927241203 145612797 48352406 153483798 114911398 
760081310 551479467 186549443 588701281 962100303 147328374 977943851 
484197261 881606379 78168155 943446321 856623802 365647188 796381612 
419051766 453768297 37468205 835125076 665796137 276817115 312696121 
344201878 948871668 907277219 251942569 233082610 274227655 954982147 
826988568 444418038 100577147 647815137 518807306 928092615 38641060 
335534746 588749937 39111162 310073054 576768289 40522586 546553722 
830259783 412596495 203802991 263757896 876787807 616260938 831334764 
293890437 195495457 532366278 182481169 213018597 15816875 275329609 
363436681 894630331 968478991 453740998 906753436 14521126 128117480 
837778078 785021455 152943745 457476854 361270191 375628680 934480100 
742671806 941231045 175625397 920596263 321283316 708009696 53143393 
668926526 68552219 453944353 63238313 345678348 138394340 441276619 
179684749 225777784 724827577 866363184 945937450 646071774 935142425 
959324777 769908518 80724995 531648740 85626810 157249640 407818479 
414777512 483638726 159723420 317761492 971603254 352605028 502213485 
34399333 794935267 757986713 774878136 188571567 679156590 116040528 
136382514 128572416 452661623 811538127 532866450 460589254 63864243 
261202380 952793592 588074790 626329713 558453698 531510917 493113257 
954750327 541444425 52453751 726774926 236309576 551639154 399323122 
567752493 520134000 186598016 205897284 806509012 533375408 746199419 
919141109 903499685 110186186 717974170 478579422 444728649 571787586 
655617259 104777651 107302173 257114899 567858517 235142976 713553522 
989751910 717121661 318912923 736921653 846313663 345526843 443807379 
838380504 277102740 658991699 732018910 23865563 55094478 730908459 
893402054 245193458 78288002 900196566 285323180 997960602 767926937 
820370334 551466880 221632065 811319425 178577567 74194310 998368458 
946386902 429721417 693014391 406211592 286399402 619146624 681798810 
997852483 478817489 739758309 875790556 798145396 577709929 855661285 
356808151 719964931 673214713 938832974 185340283 348220460 900132371 
54583398 294771832 778733318 11811762 532386599 971756357 522040786 
143645687 514363739 353867632 484727973 58265566 193439410 948515488 
951790974 518947407 416542690 842123698 267394145 737590871 503072638 
155701461 975767702 235134330 670640760 716697942 869299520 897760395 
41614828 193877035 498379370 988459220 75185785 403311906 961292388 
256394342 498122504 353699863 551591971 515910187 118741 895560359 
753757313 5841954 218099761 826655218 169142744 227910643 223397386 
429039109 799185958 245428878 235196840 330430701 428650854 648925847 
509942780 573484175 740934449 255019786 108202949 86689433 550266762 
406396705 25208768 19937032 958311308 960016220 282775801 817920707 
677688517 213035571 802339381 872447158 5311296 595721662 654524724 
272097494 72370313 167747369 750305716 715748181 758178317 954152621 
649917089 527752576 706167607 611549268 838048666 423463210 624043622 
530386869 368711540 605446310 634679356 737850571 144677894 299937565 
863996572 778175919 616486497 463271212 602684689 960854464 167725383 
127832168 709469812 817597680 495873929 906427709 138493128 432043494 
315704812 202319264 196272694 513813664 517011320 189203674 176196576 
756784243 361776323 381367244 484009315 361511703 935866613 88140047 
721223787 481833941 64177574 902905327 91234878 857799797 452308653 
756599538 679644330 532617751 372442005 884628158 872367091 199139281 
962224031 734681426 139872479 569869867 761345837 16921171 708251978 
745477284 435390648 279769821 572513801 783925406 643666814 20733465 
936726368 315613832 217155105 230497549 642396850 332408786 923237906 
516202719 228353855 702495157 43838761 101734126 930053742 340401411 
842903191 810864459 238419526 768508515 232104738 721721184 633382940 
81638242 237980562 65206676 730345923 485357911 549453811 516785074 
370072209 233048037 666189516 598697826 357520447 257673998 39039754 
209323428 94669510 824301743 148303784 985206295 66113440 255587080 
978900334 684165598 390541651 48940158 179750912 811622153 80157590 
359374872 313371089 114503075 525198258 267446005 929644865 694566416 
894958124 780367810 927207651 312065801 526079035 122962171 880148828 
332033316 903367862 74223945 647897511 70392161 166921123 991965639 
861026443 781510117 478509092 80586293 614885871 984303903 494716378 
37704912 448219084 976772056 743176885 330615891 509652165 570096271 
515446802 232031282 784453979 883942289 994990708 322529255 424065920 
2419568 670705610 679513282 354240445 87442791 821121952 542106311 
247674982 627337598 137854581 410188918 646352369 529565034 333028022 
409247854 409002823 317929473 313476650 120599301 788111366 904463014 
331230164 420101599 626814122 720666461 991294363 829809389 661935958 
965162216 623595654 443261941 672422664 118689617 170512686 934949249 
100723827 354158179 874658210 128208997 983462105 304443375 299138513 
295882057 174151586 809702551 927440509 707145357 584219708 137597196 
320884589 439153979 119580558 183909663 373986237 924784637 700897767 
913541898 550804424 263672482 330084505 28174015 401200590 355030979 
587505524 655083478 348752217 297093857 910111175 734453300 251167131 
630308721 434754555 86855010 706801886 884721653 661915681 118772637 
62031443 981692544 81554918 484898675 205403214 724798018 839739119 
577448263 74041728 638893498 593743628 193486950 454857410 391242098 
662695825 750712661 590534896 292811523 395523875 226040868 573955106 
703221924 480287279 953636870 910387946 732333331 1833042 20117420 
359813388 510102859 790334529 288617812 84468335 251188058 513338064 
617612978 60787769 797519388 873412278 537271462 373316543 617081583 
864379148 850111215 539437122 155368732 911621235 663549795 824146217 
652561851 412764526 6711013 283799433 994942449 784624600 510979746 
873220103 708853932 450040245 49789277 325507342 999829966 618201150 
73953240 889878125 652763015 948693941 891396608 478966948 520571842 
384268705 204977739 613637568 867466690 740371079 516557475 572413443 
886847705 341755097 643336804 265863726 455544972 808404781 128478404 
347802049 351914748 379199745 683486265 424136095 405914457 636477289 
808573582 852181170 398738927 31251104 73061296 172349765 395113437 
773025046 432782224 427248018 9734402 119801730 744913124 70614351 
975748580 848797979 388054477 754355968 377623027 43658775 103681405 
275949041 481659700 578293960 582441063 137739453 62892910 435337027 
30162488 253154198 151720477 852824016 17955319 951445552 945440816 
979397313 433552227 975386993 823736922 912045795 9019739 447981353 
423737669 197691316 588648977 299826646 927864808 898477782 27112521 
722201995 899853782 673132379 94988205 962110775 629319972 799486199 
683867452 907442458 487734405 246427154 1250346 843308520 452079176 
541373864 512061354 456702627 434480600 948760250 129228887 603145393 
801290029 518934449 974766695 112785565 959600831 186845887 164898835 
635051441 907013821 302240290 154476091 631300624 280352776 908337907 
622597695 455831487 921382080 676853131 682001213 80897392 618494011 
351234605 886892655 610967988 371115202 745096288 482457631 457024769 
645404685 432143242 38160676 200159091 178433029 457385256 853745133 
237315121 14118376 282636020 987079466 781874800 425380030 249689317 
40807348 571868570 821683576 887552720 871823744 441136026 624354141 
578302760 992208985 905549724 575831777 433451869 397404890 943899547 
82919571 798305894 257530748 329498253 983889933 516660834 506414027 
807509791 830470050 361658118 116369088 687166892 23875569 607630440 
84725370 323171217 323169562 639851908 185774791 361608963 724305257 
196057779 586858607 696181894 441836523 751235419 657575803 222278973 
19422398 94311456 434204752 246891787 769186592 343579512 141805668 
913889811 40030397 547811324 381494326 460105586 815059264 209563846 
6478748 548324467 835001130 955755953 941929249 678028532 944443166 
960731597 276430148 789274467 509055571 277379493 267279203 276464665 
39098976 345503551 596195790 38047368 537492929 107727409 339862597 
619604571 93378636 1536523 510080959 618284569 99246062 684263113 
286605475 878783687 229504323 428973767 79063193 551569473 771725943 
756610240 713767507 395383782 521051086 377107878 857069512 723661519 
813648756 284421897 633746628 407601445 465939328 950810848 922695287 
900761876 283167660 830990840 64622852 827558364 525848566 200127496 
248027771 896391980 622583148 968911869 796156272 724788254 492289020 
281774734 682847768 861385550 60023192 87319722 662591175 677770387 
349746065 165449483 503731249 162505858 95279654 674263539 16221833 
971169393 354717256 827041525 820091849 484155621 287562353 819540962 
984327982 315703834 115162315 324944778 959152577 777871987 891448336 
641778921 431468270 38359784 616250636 832831678 923401999 764696728 
413197579 163635878 633413631 344679227 615116783 986471265 82868395 
313898059 913371231 150992440 846295890 970247964 596650128 134867213 
230237869 258420173 204115745 979224275 238444650 726608826 866003903 
172527652 205541637 370477781 958956925 944130413 464583480 276538951 
879647057 464878959 846843083 742287544 505048882 736051602 45868994 
933871548 628780264 651003622 814996393 711529924 92989182 489152507 
643203573 752364579 768334536 453372471 45238903 18756537 189672135 
569544203 659752422 345261165 602901653 981652563 715186484 388685663 
44903035 632097196 484706107 247430407 998847508 747048069 853092571 
780925868 445289079 124170594 792255956 528422467 180326449 940335720 
656446242 60362930 605465865 322758439 992667612 928809712 237753219 
387230527 6597313 634333905 931287752 317751384 413657730 679788776 
645908015 593038576 674530582 489514497 701023618 648922059 743146260 
420031825 457574318 650548726 66233281 520902450 383009406 887631475 
482031276 195416516 296802200 900867377 836596086 808283783 467165735 
515374081 755227313 263605694 498516345 550525531 341918033 232624112 
462151082 847101002 470861685 698621733 724020267 973233882 203859742 
241344599 114592576 610153531 899186570 140988758 355999568 857450006 
836258636 610202027 647909369 817553586 273063250 876281515 958706439 
276099870 948685591 56578751 691461711 46028638 779983411 302945772 
724713912 26257385 360118947 803884837 768760333 536162827 257681601 
195208632 412337687 148131937 480289846 43341354 732267432 24874112 
86652837 124932756 56957576 60667029 283026320 711365958 463633868 
849532431 126026148 393949605 221738479 928194 761730224 361706780 
491956083 862392312 871090883 476663070 927968983 925126435 300718605 
664792357 967142127 143830298 113722242 132656792 666075910 898520656 
467033823 230481427 774874922 564109629 956464506 477715398 312396469 
506046043 504589823 100587929 856165636 617133967 9642669 983702099 
333335161 450529398 885620159 657020702 995153992 203892094 811930308 
517413545 487171178 366482094 277764668 776409607 472683065 117386620 
805746967 876625170 164729769 675621054 762300635 281636454 971428243 
627725039 298038362 861185504 612369859 402569098 924045859 708760018 
62879711 602431378 728189558 223104632 300202897 124348390 116379998 
760883001 664429579 90433248 510490451 224426995 732035317 734914874 
404366678 684372994 806192910 811348633 288937742 892474931 347838979 
399263080 282401058 822223150 425027832 19064563 391387309 495733095 
338053174 566562871 586117071 696515168 192084601 581673474 609374961 
501977844 118592010 229553325 599208552 562511348 978392360 752498060 
466630489 241405977 745964265 515269858 303305187 158678366 297233154 
833584897 246150043 453763051 992528461 31453305 789475056 892652644 
530761909 265999367 965728351 248960543 772699236 576274897 736046934 
524725331 688770156 92928465 367772022 351029984 741365339 107571217 
533911386 536186501 752531743 919980078 26897007 187848007 770210202 
341676918 487414053 48782171 253240531 156440871 748421235 188267044 
745339250 968618991 120140233 185191372 713161582 72414120 141826232 
350340864 729631106 818081845 155954514 718462171 210276115 766485160 
389478738 460669772 218966965 499827662 271634616 231138507 289178848 
875687914 384608291 886702534 881966571 403787854 173759426 560695221 
549960874 682445934 401476061 265903615 321026431 947309997 438859431 
600777364 580924269 53111120 85447356 161656795 301070199 746954952 
617420407 227049463 265812970 106320941 840780253 539647496 465125055 
345875874 380952573 711148505 911283959 996438702 596195476 220138949 
722406768 405632600 742078422 620581265 874066603 983989428 149568781 
530626981 684846416 488645275 565651197 352675507 713196339 293664822 
704112985 82095115 619611777 115342787 754764099 229763764 212736423 
271500957 721765362 507922789 726900437 598968050 696129983 736168264 
849689561 549731485 413731875 979954523 477362747 426172305 948488070 
90875820 806761226 435099961 715792635 305476020 540122933 618731395 
552571767 384712761 65590480 536216811 21636238 835528333 881709131 
517229527 551403059 457009687 81526750 267110381 419833282 552386929 
779960226 180544214 113693090 112856233 641653826 240123261 592611633 
989321473 502359382 973067698 390372904 780012478 942624311 365843940 
87193087 293470906 170852416 27949623 474769563 846743676 829046229 
124357751 364078291 897659931 373362840 298268954 954348353 158115739 
160817527 754946628 976103050 954847834 81195684 688353140 533836800 
180040433 667746749 561578017 374229336 953228668 188395522 111729717 
276793511 908114963 232506855 642829441 207299937 152422760 16767307 
160288724 243866800 818724010 652684216 494083089 728874984 574607176 
147737892 582264528 180585009 82344187 174036895 399239033 841292016 
689661566 481850734 190170476 400825669 413091578 11376060 101031264 
915664112 402427162 689591846 683472895 183558566 666042534 104487062 
816623719 764680205 694871930 404350560 429328413 577749930 800654579 
570618178 815362127 460161105 305092749 467735242 682916358 921199678 
456720737 263400195 300150746 502431315 942546706 696278913 107132276 
740003907 479008429 397900043 732770201 584607175 164317251 663751470 
406179944 105994688 291073666 670806090 891338945 631248244 718343663 
237579659 48247183 38522248 670694842 386959942 993956144 878129868 
532847834 648251062 553987677 483373876 648019775 427119945 315861407 
465875480 248191327 49582515 405161083 118517916 764027605 528679419 
952646020 718165454 40686048 815564580 464426274 519698366 266059048 
419588232 261414015 812956199 771889340 855541804 385467142 935595393 
230470014 802264612 999082788 649537205 675750607 511264510 429082398 
62118554 698870806 681836324 481931393 3848296 498556253 645383875 
221220972 339312441 285431430 475908982 968497782 152000565 562759053 
575215520 570577745 816472211 35005730 696025166 438464853 248768652 
786290593 780631547 351930729 401050014 934329420 43972878 580488851 
773365229 243429842 605462117 997080618 439876654 544619710 329847013 
657503851 487794777 125034287 496312205 434183306 847871202 297435224 
276271336 360829130 637814400 346760227 938506318 632753386 974411241 
907891276 834380195 939618952 224809954 269318159 932420347 134876004 
602700393 616812732 379848535 42136770 276815235 703052903 766924470 
259842527 150408509 939886060 268086763 444489919 772486656 207010470 
470344354 724403392 356028742 950490248 230556368 141748946 816252440 
460765188 742338143 444803133 511460430 900308980 381752498 645373208 
802545100 963590780 640461053 862871199 992179110 337931144 117545679 
83527283 767600725 847949366 422879287 929995484 882579333 972654245 
128318873 596776904 147959859 571189077 121426508 634594652 2931193 
675108818 65887270 405508390 633655597 739853733 549611677 181573368 
973514923 873155037 497537606 655731187 708211705 632133023 69442578 
925929989 476326336 546246469 171348313 51466747 806225712 934530209 
21786239 92441353 428900268 481814845 344634616 764195336 681419551 
175171144 963342337 370834284 132931717 404817396 308997361 81298961 
561722314 532116549 576640487 373308084 83537160 811714464 421011137 
180136832 377241887 874382940 25458094 345638901 509495562 88746272 
645185231 554037983 536106740 859337107 798535671 589157750 488088787 
811671231 223575732 46432228 522263185 481193606 137541529 681469309 
896003421 80193339 456648272 198655390 646656513 180381447 436587098 
991898086 167227364 561820566 547804416 331855570 732946163 40550896 
960074115 568927652 609082940 437725237 390265484 940005867 733634459 
788712563 780638254 379020925 773957442 953079295 888757511 892716508 
634175177 710013114 889324552 247015093 239929451 445198879 81585392 
245312644 117141954 201328887 308049187 210919977 131451795 921000971 
711375104 610793865 497813202 38974725 739277439 612555742 361483127 
553317827 961352044 779465910 380248335 764843123 499133348 639671846 
507300323 546958589 532518587 976244174 886113320 540767697 512764747 
642014346 945819951 235824719 466297474 365093285 684764139 313002260 
760412456 467155431 639105512 201419284 649253988 469435873 560245616 
955355134 117423459 154022710 562591623 824469541 950052275 820316610 
674293858 756053737 340741160 48533279 31500135 349069005 283137245 
478290063 248103163 220560706 482427123 896175887 512749607 23202254 
312152315 521606277 561526471 89349650 556357438 363051437 569802831 
584302992 78419224 603597702 264575561 770293825 427785868 698852154 
59399100 365793858 443073056 40632909 917230583 94042160 774903695 
89398064 420553536 6425584 29731568 705491298 914006551 507509935 
928510439 648800065 529123812 238628434 816036128 152416872 785443822 
124146228 228985270 276385477 684131709 585835082 47871489 399669059 
483365709 846720307 31099387 656658383 406068674 398551472 533976284 
875014815 281852133 554426527 610372221 939780852 827058068 990977107 
728579438 857542042 551888910 709413967 495275346 407174902 626905804 
289967369 949690821 93350721 753670406 554257724 444173331 106783987 
883155820 630973044 700291215 273974537 920738393 289763971 491710847 
954708182 431792378 845138014 397346018 99431680 320951431 502811995 
374037314 755944377 101683940 739442684 27774602 815096294 345529669 
685124328 308140774 478758344 767116879 555384375 220663631 590062693 
618835912 782769428 395625326 441788710 799788960 670630690 384987251 
117806721 56022162 931087457 731515446 812676370 678277115 474587909 
875747570 456571124 889832300 757172374 686995512 740259380 768011855 
946785589 365369410 387469783 186264065 620221786 109567131 827693761 
330365522 579523152 200594023 26297270 926632986 955007376 748951172 
343930664 804007429 876490946 305401746 151863852 562967244 642644029 
554435334 567578561 373544893 827437426 955595697 94706510 178149471 
122160373 862187402 762020788 70390358 441557037 453834284 770442468 
705726306 731554323 956049372 274913143 130016481 964630392 741808420 
601073382 603464788 424117200 83156030 742843160 458907817 966838503 
406198474 986226990 372227965 95389400 370699113 443488309 184140520 
354834898 245361604 486652163 498612173 920848023 144960784 612303063 
817135048 500447503 252304736 484502794 467199556 957057867 615629357 
613716805 407466002 967307651 698293428 347615302 458431409 524469105 
522164710 847904196 291681986 820558232 333889445 552846522 406728356 
778677718 280160340 609521736 797294324 819650858 859959843 154118275 
110551192 219402767 476123478 354945414 898440120 965755857 622987244 
545802856 552822365 615693801 361409013 973351104 187578235 119251670 
972067461 202390471 247042727 230636411 112113284 803324312 763064297 
178132151 68688915 156759003 606685361 810437509 39875995 11797142 
921929110 215472573 697439261 226817993 305684381 609762790 43647207 
959431859 453144879 467232041 531740835 460098196 571353148 557515751 
380108358 893724706 804703331 402125030 403304363 918199696 230852935 
872160253 873251734 964677211 192040726 217439902 388803242 246963496 
852304458 750647336 786785892 417353818 459767440 453473861 444889225 
594954415 371710223 959436542 220195401 305093656 302964559 550610628 
895851219 749851674 736837403 147583678 963573694 61657530 951261162 
276112226 731204515 771530308 464748959 69132983 819193918 759883453 
575690804 765117793 632104538 91858323 103394820 618608831 564395873 
325561385 924935236 224890381 98385930 5719255 351761956 426198243 
84770103 910691912 44815920 285333770 380923748 144675090 452883228 
533145507 661887868 90223417 773578704 158854836 630979357 570655696 
466400129 904020381 813726169 189218673 625618993 301724336 116204283 
6083661 423127595 220300974 174759804 265836215 302385221 907156757 
578495881 551422367 36101568 954002802 741514867 158589075 88154500 
544324141 229552971 979432975 587959313 279667972 30727051 154496969 
250507906 720034797 436844563 978725922 548044264 382036799 109689086 
758049840 585810498 909179844 22503074 786085650 957205388 125977801 
420502829 553496163 920587480 566493606 715420681 89359057 657936053 
78723970 854099708 386335648 206174949 981679917 747794911 593066206 
477281048 243888584 902558179 57442180 422523180 528171621 278458269 
613487670 98578699 359395675 590434372 464469773 391610668 461719777 
157201460 950771722 56547112 549354606 314688166 63808416 972419002 
216926643 710107712 537094030 884537751 315062171 602320220 518510590 
114130670 197629824 93383734 318328975 755174373 634752287 751894263 
14488197 904688000 369280973 807799909 926705249 382947260 676128 
994174066 37738793 58230938 122117925 307208543 701386455 911384751 
807811275 512613337 272759904 109086429 293217367 368492070 367077251 
269513883 858532267 67312647 836080194 659827490 20879285 885769380 
167924942 616292587 670433800 411783366 273668683 462603448 552834589 
745691968 262878156 782994910 163772883 912603358 485283569 836498588 
290494870 613129259 709542803 411637154 738949556 902815355 894350445 
191225506 771310926 711435817 426123610 339977927 644836539 708889026 
684665194 247832595 439482682 55107470 564435693 485309429 453738752 
150115609 56340029 406772026 918914120 187144450 891424722 633137971 
950467110 931257771 158446231 28765186 627586312 223341390 22065694 
99695982 888725866 722413652 33531335 572354946 381298425 460412873 
489865100 684778561 214995776 814108551 91770225 315353078 783543153 
313500579 168523905 361538740 82463413 796034955 324798411 830504439 
548560933 861450475 997598561 623897409 961323460 493923576 385040184 
794114175 336362471 199167127 398380431 895880560 784930203 838908263 
73174086 615111771 497418457 983885272 285973830 574618221 256862798 
38937796 941504940 212249316 480977142 515264573 20984236 550380950 
730926329 695032500 307574093 38294593 769219395 685292467 642672261 
793207670 59589059 527561032 537959543 688689324 420348200 112233187 
21733135 909342400 369347142 957422052 790038755 47992814 189622713 
729709557 459209008 27605697 772925308 232224210 553402540 941498891 
238511596 180790679 178800192 856239772 949507196 34312650 126876217 
176987710 21379955 247037372 779091948 655283844 386958470 276350060 
536994104 262324792 685085569 441261012 738548799 53287823 836834956 
408723694 220062057 392244536 678910783 785397099 310271008 722583861 
172825345 495109186 769890011 846239381 398612946 739996623 901908925 
339983095 384989827 30144096 600853456 283775704 723218016 823447921 
39679638 512059413 933465938 689140993 87826024 143721756 271708448 
151903635 171198418 784164765 290061223 583647071 447274342 139104510 
38498617 684192929 891815870 782452984 461900881 467683385 534876387 
905402004 650084380 609419906 602932741 272388296 697257033 80943887 
397363349 69587119 238087637 584380396 115149317 974887089 509685055 
79135834 15576052 642365295 456315422 9806059 618065701 589614876 
539178969 419544890 224964203 508153825 576165265 413214602 914637003 
308739062 299664073 184187008 856546208 552487619 413552573 257618320 
578467842 221419909 785894630 383783193 587382677 269990678 879657519 
914748017 1890594 883042009 9537980 234040756 585104782 735694506 
503278572 788896036 988608768 564905806 595542668 412702323 4293185 
759861383 182297547 494953062 467671610 980219228 327045985 364496838 
254924689 62149237 966207321 818456664 726920826 451455622 853350289 
893270654 463784454 524613370 660824990 32110953 119709376 882698004 
812519411 262948970 848048230 780904271 147845074 240658085 344104473 
22210576 513290130 774773138 954389346 904077682 244992847 562597438 
520963185 751237661 589216747 710380178 109966956 109753730 114504001 
875924290 174275523 860742723 485386321 141475753 197005248 341965342 
782570228 776706571 494151101 987575906 228884673 252347671 477830898 
754665334 139380357 721388836 724014890 945824550 678408326 907296872 
902760113 35771074 829661993 184601841 466344829 56435898 262656502 
10798651 697982797 190648090 276799908 735317644 622681728 215702830 
863481505 884196758 998721982 180655046 409385757 783884584 299677191 
104244480 966152707 916129754 462199657 482908170 176741669 98017924 
604002912 342613120 559082502 751019168 492972114 933197176 542426907 
697732563 720212746 93488209 86276538 630972477 352032766 504166869 
256238951 241308659 590703009 922415931 398667129 238360759 221450923 
649438992 53594850 523862478 717157713 517190359 342413276 755997274 
984113308 633363847 270890395 629874001 963313928 389613555 389170717 
371275120 594666702 886814204 33745971 165329381 366930090 745156531 
645805412 902643402 143534985 848352015 360345108 378273985 169198761 
112432719 15375284 577757897 104345637 679590585 632562266 983531973 
568989952 286540322 743012451 837747629 500720147 584753710 819242846 
541584373 67788935 276700698 710220117 610323128 400617229 11020623 
720616306 501351668 293601466 390914016 829218592 767676170 836363240 
128129895 276309540 200341459 764549311 841050073 3713331 369287730 
999535296 994655284 919093932 175256812 196923590 886558603 331280252 
639471040 666128821 461594834 371285407 719361175 534645331 545626088 
661564910 159115233 356595238 273881518 526924207 134731566 982128515 
269828146 460541423 295780318 384858988 898603268 75298556 144262808 
83104367 223974695 292990609 886349607 326861633 712066683 568077659 
878752646 491950258 173143617 196146307 975425025 770323559 102123320 
505502922 333225767 29132993 412307021 293257001 479392178 298972424 
789686606 604553624 642763014 852810419 127247706 86458120 341661771 
340522322 910856838 776751112 642402858 140141225 853304799 594163153 
26359406 825252015 434185424 45231871 81295329 149148373 39781063 
12769981 125014435 848071438 676107608 921539596 911850658 60782856 
55842519 578018199 84941967 515678639 768225186 842209483 758623308 
745523243 318029603 164900405 40025020 855799782 838208631 758052771 
621126925 782583636 55158289 220220312 481154245 274763297 921441096 
952937911 694521616 574114658 143676545 491991725 529845611 69829636 
417200767 758672140 533719087 279393877 546943326 396760368 761752497 
191009741 86818153 244869693 93976207 744760265 418201806 178679251 
861610216 432199235 171129054 327696857 862615742 721166169 400738663 
120646024 899575511 304874732 314936007 984835145 781067898 797231882 
310085342 139029290 194890872 247407038 794934292 625689167 983413067 
813690077 816944639 872584087 879171875 464411912 512892714 423300714 
844422776 107803003 188422372 64151408 482757417 830479905 827767312 
96768579 108744988 10298135 348842262 819193571 65682772 400748843 
579544163 715511774 561142924 578746585 394641458 946146173 657435096 
625440705 459455615 45010068 346094294 819645645 528857357 319855692 
100227797 342838882 549096511 993480897 285459811 772670858 795804569 
287983903 773553963 591453063 49437999 117316990 239371877 322084948 
53656130 795437949 645148281 53508801 553656593 338380932 125960185 
669570835 901999520 73043895 890797561 206277507 404875009 216126133 
874178753 385647995 712069673 535497438 683012947 742241483 272554287 
667969147 142485170 926058154 598256820 950917544 286483502 2463109 
214784698 798837018 881665964 752444448 286478545 973729571 388830883 
62369277 918671644 427521688 51542408 118168537 601133743 174289447 
471227524 573897973 95959875 913886584 835529919 702058576 692007775 
792127514 279369540 730019454 487892319 133578416 505593737 156452605 
85511585 709567886 11263920 790120746 828467416 252100017 794936102 
734094315 278079184 564770304 899316112 646752362 854351243 983575950 
915049336 252396769 584436338 639865789 590195745 831407554 506282523 
300305672 407988414 923924710 348828623 460938301 396256763 136701129 
522080251 781595029 618377032 33937005 640425807 26883142 439881680 
621499466 17765937 362717515 566412327 967612402 829071479 951029447 
527686821 897957719 483289016 563788489 866304115 979832701 812401032 
604495818 305588896 109266859 925124717 469196285 281516015 796620159 
730610451 457435584 972709589 148512275 899293855 669080367 965022582 
122034275 136307350 304831377 373153533 785723091 248480985 606094063 
14938518 66642834 290934733 966974552 129910067 398509671 92188475 
64865632 503314091 745428550 68193778 330058387 558152900 256071202 
642932349 376756360 221500868 348405174 565240766 9573360 64150691 
180046082 219113613 350890462 909359469 707258074 836704430 375035996 
528337161 615651779 704114952 771324380 375399626 556519825 146831626 
721421272 338453376 625910554 770707314 615233803 822133382 526666814 
14952693 658757850 653262228 955395423 375348270 642536348 705202480 
741156248 759579664 120516163 647218350 19693457 738438029 873003166 
277514252 35273659 137356049 907250351 633416333 689208896 134098623 
990108012 558278178 244348840 562123242 941407906 200180190 433263574 
949776191 738000126 542650625 758721787 302303905 91321572 284100140 
651196862 790576846 150406091 897415653 708633413 676924084 973110211 
394078112 775424040 687801330 109748309 770732 631680480 29552779 
543277776 199912051 508412541 448503196 367979912 124903885 809203863 
335296229 510355543 265577858 143946286 421961721 256361460 33354604 
336525193 426957675 105542787 681282384 175079966 322620756 692798271 
387291112 217152111 576417465 438649057 190445648 602070935 794206595 
642482933 214838655 187888060 308622627 708331223 303907481 82922149 
339874528 651378026 893204175 147431056 665831046 380425311 596857652 
593208832 35096742 739580629 927004715 354801115 659525518 22778839 
397374025 577863548 197755752 569748483 981553148 88833337 107030884 
123291584 716615837 144335406 954501130 574218017 952427718 160393124 
868372558 491178134 694548529 71734815 725338079 310058356 742142928 
204267547 654122804 570787043 281015807 162072734 975437558 971569708 
868560849 796027787 474293782 636286103 549073678 361776595 169649310 
119151618 44804653 315048526 361510685 622638176 669907519 385828830 
929114416 586481495 862512971 20333970 980315980 565093955 316358166 
772788313 783496103 954186056 140646082 151069230 836798862 804292043 
238891064 30421753 969029089 21786735 474375769 360412763 290371318 
854345064 612937792 51343003 372568888 87461040 960368756 80346535 
700429778 548532194 158749756 456547 772900453 53708219 477771859 
97881890 414976342 161849717 258377489 488120698 465310961 719027034 
213189103 281718115 542987776 845822396 633268650 298359903 574333431 
704296033 696688634 619548202 317567193 410992740 479380010 101053649 
97167498 985721782 643650864 980052169 453267049 142619801 402283330 
71696040 532046065 454071212 402937878 828866349 642957252 728868880 
46659824 174444777 13780367 318277847 771766594 976827188 533969297 
904527215 79506876 648626969 785198916 490325420 940091354 655086416 
570470064 33311580 424456986 404722224 5602437 372682191 400552990 
755558004 854902951 275321616 784406064 291412004 455117841 699134458 
718567996 548511628 614856732 898268530 720654124 512298600 569638334 
598706259 63989253 872483370 418696992 290066636 597546155 811216856 
478289869 51980927 860499284 262636459 4557375 355171326 131014343 
54149676 723450974 792187697 83008072 143273974 393341859 563995595 
81601687 228833310 694416313 664255432 890433361 646321761 360011719 
130471671 535161115 168796052 225039428 437482442 239425755 908421672 
655909741 233080993 998891237 687625806 143703640 892599498 343131685 
553727548 693601073 291109233 770386784 515317660 277721355 487485953 
543479181 488760267 517141025 3486507 797363659 654378272 911928557 
658880796 402248507 253721736 881298705 865396162 869329583 911809523 
321806252 126382840 976042487 319308714 912671957 450197921 810513258 
325290506 275795849 592470988 353081452 440286769 422396583 529261862 
819807851 15688670 945693002 725612714 147192550 238676922 771690789 
505265379 925091538 637928041 347783345 13014300 931121129 636795997 
796878116 409343191 496186517 337052939 968501951 866193858 964781758 
600324414 697583260 500808459 360915366 22960662 913866398 52061857 
922450014 265223463 378524415 327746203 638118052 299180596 541087106 
405109858 548913419 878143046 137510010 803573068 816953012 913281365 
324194720 348873199 165706230 970309658 655011376 230706627 298752864 
662553649 135700234 379428767 879403700 967400134 762963480 763685717 
352317956 692501850 293363395 527870310 461592924 338758690 599456330 
827264056 361443988 112923472 628343772 226546357 24747064 834944306 
797540922 235045257 525049486 356152750 174542434 409957712 680899719 
458495577 215096002 110090352 80930661 102392890 282914979 509455000 
529448113 583986347 652259397 280919794 851008839 874066997 307361086 
649776245 955977894 255550199 338891766 411433257 224664047 210868274 
169979317 393780828 166596811 212026501 373007398 550734329 688103086 
504983153 153985177 489899430 438680476 162005170 882149836 475160774 
179744471 413940916 376635590 927256742 558432249 595664627 79114694 
903879233 690105921 946065395 782163482 203529500 510662470 468545121 
740795081 682426840 283408528 556320202 660362609 192109133 535256248 
989504317 865761033 473933608 619470271 487804612 637154366 718426966 
960432802 726974635 846896598 76422867 997958694 541786234 523606891 
415919935 613175058 448081510 264863008 191344173 714059131 781807127 
325788165 670274962 560501860 611932169 292391294 26435231 939698124 
38936139 409276645 945445435 549098354 916613193 308447633 671174481 
695450737 961787944 728551053 71937668 543098371 202192746 313777750 
28777001 813637404 893732640 742250706 107038929 112419669 463828062 
152257342 963921843 388124860 762635822 732865314 586562483 253150464 
537941126 605065372 647357580 188270494 181152344 206117873 375350541 
482709088 473380638 510569512 863342158 601942730 858011484 874690 
723652808 367354129 282137888 3890846 599180568 360129053 279212271 
848986388 127787703 887230820 482248033 69266332 665063282 581296441 
564893814 690492855 596950149 86000844 698702418 747793249 512792029 
867893122 185029965 650994261 91224819 364964854 560002991 291061598 
897191645 881434123 636151567 855773273 276284476 522314581 51608779 
939624308 236541748 390686628 490050657 798939068 469365211 451450295 
338806045 484836832 610154768 584907908 477957893 71385374 905589767 
320998109 47927880 565545295 911713637 933183105 353186442 223658600 
984756231 542032331 279800470 643825511 162878029 568066040 117709007 
364234981 460828966 24796905 278389481 329585297 12648701 833393677 
747112036 73389781 886624412 265852629 25426918 722879602 23965183 
55134254 632522442 831224164 909277970 145275395 651633184 548547963 
734992869 181651843 673532022 94632671 523125624 271970553 481999835 
774576474 319007851 27870420 33160150 661823800 858535197 397869665 
618036344 75341229 74545022 255975623 740101262 9018081 559897103 
711171793 232824808 143134799 994300573 236405220 412009864 271766255 
438490938 792632177 126903500 18640006 410870482 593605907 849966390 
491492041 618948123 971664196 643653830 204435982 66768165 414481223 
920619657 761133156 913857650 289773639 967609614 792946287 228077746 
780065524 225410224 564747734 911967470 957496848 208495148 808635862 
477540354 206684048 696939048 560499548 486319677 797103866 12654247 
675546462 167408303 189515317 634468984 349163876 938140236 373057902 
624958630 538156054 533010531 949985791 284995358 649647807 551159125 
100354698 654314362 910396461 500894520 654293558 218735113 741238620 
322079385 919926161 650833825 719135692 910225374 260301249 784923490 
163708836 906210867 889690226 261389342 117128016 47604879 632701498 
194702652 838104134 859546371 410131279 401880456 438276508 339845195 
493505698 359799664 435167833 457544832 222796165 937972218 747254894 
417906242 685301102 333440316 296996716 565465464 307672931 68556656 
261436814 60153433 126620575 199468180 345763696 837202434 643841953 
433387661 483276054 819694668 68760026 921043148 346226619 668514066 
219922595 154278767 955087389 591891207 294144078 739072999 188666208 
749484848 207264954 552989294 326467198 556179904 704042284 782415264 
100129039 873027955 567903661 945907875 187321555 601663343 745326086 
571594848 173185328 132885918 958141049 93682077 514758771 19114793 
283840265 754600828 719335089 306783591 930058972 796970718 837234631 
232394376 62123642 20854987 466006598 995745664 22313225 82375484 
535306359 144793405 525689367 311341334 50607265 445999558 138833744 
723079073 833485035 606514339 949663898 101630882 255048700 293283326 
405194486 839266980 402476646 768148140 352594802 133891140 568859706 
258864243 637803319 404480648 407853520 420383841 701290327 175742313 
612722847 633377576 975693436 281202372 635108326 663803417 480091115 
946693070 987620000 204845367 40810400 298978956 390089471 287765399 
206163059 674978317 792715030 115071877 154636921 890269680 744208839 
489605064 769307715 195697739 645164001 310375560 796716744 188537669 
600587849 637365991 650706793 162676073 842286110 758020587 264340525 
136704100 845200383 163909457 948282109 247919545 162109574 799186087 
447725884 851967623 349170390 235320615 596238007 326414091 71967369 
419741520 533722101 451499767 939226243 489687599 560161515 499078660 
948790385 251581301 748326140 758008965 392623541 292016972 285743513 
826660458 780267214 366761080 54085791 440376708 73171514 659234674 
536921367 700020091 528610180 259394178 686312961 625390877 852048859 
487714919 583030102 560587991 33114529 99726121 450368510 132387778 
198544885 524392122 846969232 462447840 725840047 718306788 730764656 
116697040 382047542 124893709 231388385 880918508 277936780 71055526 
443498077 577606028 159282977 675653929 188047577 278496313 868057291 
410532431 140085957 178097401 42684564 371061523 776705682 916145479 
885635349 245862450 840137458 758877544 754691725 656522099 603086164 
904649005 269312840 202532958 545160677 986011088 832836015 826646115 
121142556 142420372 361895935 965976301 359190580 228645344 497377115 
713730833 232081111 68763712 568565879 821183280 119510905 939636557 
570204769 655034271 733025109 374845224 612820202 192318336 995536393 
260880320 775622751 226170771 870627474 972763302 334640854 166672874 
103817325 435202920 973646996 303192055 338939724 84747429 93766161 
630125167 732506391 157625568 115896225 164543438 894059227 67260370 
603289966 264465469 896870950 576824750 146351860 187029736 260490495 
695635974 660585921 221259907 971212692 82759058 634227269 692341710 
85617545 351106761 738394048 304856544 595033819 883950412 729706156 
788062320 330666861 158637450 584935612 543989286 559743933 683392671 
683647729 757104760 163470967 132494955 867793292 157929980 528246624 
142406992 272801444 243590501 847081570 340134019 49827222 538402048 
185406371 647154283 73498744 172101403 395380139 38721955 936152114 
620604718 742927824 968589950 93483934 965875865 69091591 35585715 
722699063 770514940 278729744 872586668 535386591 558607526 847304740 
66963118 498374275 326370129 188074863 444692347 438608896 494650198 
187805526 487913142 1697768 843724095 339086054 922880021 270810509 
98820476 318813873 202787911 663270764 576386852 699549560 758612705 
115866807 559838634 271033027 281578706 908622218 630298020 57352400 
727102637 339085396 953895273 146612290 28035430 576287590 974063389 
451374078 668945079 433282224 770701571 446255806 421882396 305811799 
490423857 994560992 586515728 322998521 124580938 286092185 962657203 
180589338 315481232 489624529 483565764 322628392 371818863 605978961 
539786891 973293791 862029924 487411216 716370799 23452147 611641170 
204937614 978066516 416685385 107709093 763004135 293135107 924329264 
417525592 66295287 582990325 773853307 72433275 619800854 736977140 
195473708 518380197 361655298 176387692 850873439 139483616 561209459 
726256117 868881665 659166354 107503910 616672084 989795201 683406806 
742261650 962948455 505609616 813080350 831121709 95074395 869703404 
749942875 89792442 349901156 736097516 474130658 343786491 122446429 
124084307 155242126 528338902 187421861 457683832 891694003 219090816 
380714435 598257154 131812751 268731396 56923968 916992512 990031922 
831351356 920742014 6539452 266946513 771099277 248864960 942484508 
613744030 577531136 568801979 914106422 798060323 532016671 482238390 
510513286 700283327 604574780 289088069 650381510 742690444 450156994 
566079133 437469608 37801559 902984629 144559707 385595370 649315236 
604314350 694749344 951314476 857577675 139577667 895146936 421419314 
122982298 530710491 470817823 831203515 803611617 816763623 678612536 
900561071 256098282 326374403 617450647 931384784 974457436 283071718 
180374202 903479794 416899103 955824109 509461382 56826711 131385358 
720455625 711530256 437689545 629367578 589934983 820209265 470841559 
371863720 489005474 883508193 38229363 144655927 327026609 80399444 
985203921 358206948 820723970 530523408 454011968 245992107 375826488 
253555108 381545424 369628889 679340905 260113505 880945708 606911305 
349102163 386965301 353664261 697057442 807867209 209645184 819352378 
54407642 558815320 662959388 795161263 874768597 699402362 37688006 
588998636 533808251 32376609 329043565 862321862 858616521 862844933 
386689143 289381479 879324236 585331017 38307668 403432488 633325002 
579165268 178564603 271547322 778754534 839216681 424563748 464324352 
566615323 226935456 333806076 335281903 204581691 446000220 724978366 
826544277 10485751 739703282 894197236 249809880 52220220 750028541 
85372830 355576589 6358197 950743054 678818879 494747003 520518217 
222970787 69319877 99711700 113824561 789807138 296656969 2716824 
653580546 960921232 490713890 421850466 41855572 122616820 41229454 
134606895 70846873 763776365 330553631 687457437 789804132 133497289 
916495349 978091029 488278521 618414341 73355924 202340838 80998747 
701117446 203693934 711568046 970916787 25095329 451031735 551993150 
570366518 874715652 519892934 392012541 910808732 958647757 522836445 
763591272 570387190 656615449 21450304 927128341 380539914 575678096 
102165936 643694451 308033202 451752026 399951237 28460823 887603542 
43768703 350028457 145251242 151041776 391861940 599655630 555703638 
989920059 278572392 467611992 922011063 499162290 52756221 477477504 
980506083 439247769 359492209 909092649 166691881 813623751 531519848 
535848355 757730069 175407790 684524855 333542667 487667729 594603478 
125446024 286844740 482800494 739399998 723580921 736726471 33220482 
967509015 185100967 887204737 961621157 477270950 656750353 916576373 
150218460 961723319 536003011 238084459 672125091 635987024 649454858 
620829759 409524477 235657879 497620631 662850728 444924515 178995024 
819138806 706571487 655689563 643674096 591520489 389066383 109296338 
619560056 549246799 685410458 455033760 461549684 496931925 342107311 
871744722 429467414 129668330 869072039 695124155 570244176 51017615 
605991536 75867135 217350596 404999620 10331265 174669647 885338977 
608698593 168780232 657730575 92510494 612881856 143832565 201366778 
596493026 812283462 238819383 386577382 544176680 949971529 920153481 
942370813 367643928 831996945 164929242 549031416 484618521 788886061 
427190067 462940108 24454176 248202521 234733391 893567574 300752626 
369346929 475028527 427468382 358086466 870197452 413165937 439352328 
788696182 257615579 594021073 77550086 301817749 193611856 942894583 
546796649 840531154 328398716 554410729 51281668 734694409 583437052 
191564055 615236176 294223050 671373328 839927205 31681523 469017288 
122855870 565643866 545530455 324616310 380968473 175815204 523344073 
632781180 844615341 20447415 553576527 251366030 335140242 666491482 
545159706 668866838 879194509 195928967 620923684 760582571 175041425 
149855180 887301083 945258902 411953353 152266072 222754585 615620694 
811065759 539247918 455793036 675660490 778258997 548620285 871455330 
577256089 15154158 808811662 976362738 753464877 564210550 233417412 
951748424 51666110 760549030 369418526 920238361 232268349 686995312 
595339341 923730117 860025988 50361772 173321520 143760926 638724971 
905333001 585382508 632371611 611477044 843659818 81964648 231482642 
513902383 531649794 735748802 482027607 992170659 588232023 227121294 
792473171 573667236 385494553 766762305 706965352 371661760 397718998 
692840434 486395665 137209710 825096317 276114623 498150011 621167340 
821019644 563681528 484397787 174983400 59936411 645665294 995231340 
567434270 765460199 55232353 111598757 87849334 833998802 733709533 
620264416 3225040 332995318 261129797 824702587 34661721 905899462 
33445225 393734980 750948579 849504772 191691215 715584871 190786431 
759634238 945583617 12333715 829308494 780081035 351436139 26435834 
69529227 125955560 727616293 755316660 269427775 576042510 889728494 
930788496 133822063 393897127 150637202 127989599 122459287 365638846 
396670280 572071195 132497738 177262745 782942192 302816605 833685793 
855739596 573803972 643733866 480164844 603338741 448726357 435309196 
910052678 131530030 451330815 717183980 815463314 430217012 449866110 
777182662 372914638 998343896 941807085 175052752 166295568 169821067 
773640563 427726368 461669299 496888385 365937304 853859966 344340028 
546176232 715550332 666539596 160489599 124298561 705734712 316668759 
178969497 504486117 16533083 526227153 487946288 789096887 244675077 
563201980 78566810 401465274 610528961 73009780 650716121 534506762 
988072360 218649339 609004359 119053810 523497306 285735299 965296504 
424889663 403298089 663739924 892445753 146116765 250547776 782097145 
298305400 649926986 782322813 880434092 246853106 952298431 635461096 
499656836 82018960 790476907 768269539 175924950 491342124 563553437 
385981341 975237809 153232086 399452011 33778895 362286841 331154839 
505844497 134400430 272846943 619428892 342840429 964153845 314134858 
73107570 754493840 374816536 258488829 273072098 787977789 55668073 
483840157 413709085 797140764 9804855 93031822 740235446 655962945 
631252917 208368677 25466416 827214306 66930709 596240999 626307880 
899616984 445434205 854271701 171444131 6169971 423658323 89387020 
88174160 211402865 721245175 137373927 619701078 745469687 264945653 
373730712 381598634 23736036 443341725 966292396 45088545 482761394 
118692253 85621247 305234514 247880703 818508490 643113608 615025676 
964447117 650238183 243783336 504836586 348267092 626484927 647181566 
544054766 400649957 306953099 224066024 631250277 984854065 371112177 
423761256 510461941 741272231 160864650 270912834 435633845 20357599 
10103833 248289061 492666247 379429394 412357186 67895349 74846752 
183131523 666294251 273433174 744898587 370909323 601782413 957887434 
539228503 83910914 944999257 601227516 996697417 511590563 216919857 
305904153 215458631 261299878 632529388 930183782 736687188 517864796 
531131593 262889579 424429850 704584786 434089209 870359417 82199204 
517784973 121165439 14612428 14171317 119666828 197530652 550033557 
579159938 290368688 379416790 252262525 460772046 847219781 503701359 
847397090 456790139 174803975 738747699 141849419 784776842 578254566 
264333089 260774580 749649068 736880661 205020363 45011317 661166296 
137048738 369887509 867588972 187744601 2349652 599014231 625689316 
677360540 583292975 844261946 4984290 778688339 738967112 136738672 
132598457 480635971 203733167 455915621 544128761 62268962 185088474 
882968407 593310708 608016136 692867749 419767259 619965600 29823672 
577203519 551744401 625274476 785215522 549182032 958373141 329831998 
616037901 875104609 761835794 101788219 284041557 123232327 634812065 
770266346 706629307 911357308 349679887 376861558 898751249 463598395 
660598797 918448150 560969484 627606573 128566836 701447477 734134739 
663617351 566938642 734574440 463855831 626170636 926259772 807410127 
550706066 797872615 569504536 718704890 332230849 524932328 271636377 
115498128 773074234 838797342 767748788 587113203 781193924 660982302 
54109457 196810797 310573441 462181667 341637108 82440455 595356380 
614206814 736313786 771588084 484660926 391424576 490526641 911262620 
682802839 108569233 602015199 755422545 847149871 726980439 139031856 
127985796 989020546 691051370 251216963 943185038 934800346 418060111 
989777950 877002926 543085059 107890130 793814283 36173241 55498698 
704125639 131524799 504489864 481300261 598051353 977145142 382382398 
20273977 108958120 453133571 346487884 745937470 593584203 619152629 
