10
7 6
427903068 368047305 819016739 784118723 583523412 497877907 
719237819 795666501 104305635 599813839 261142432 773892323 
927723137 953706731 390428845 357311398 725499170 159187784 
37283652 457518730 41044974 67824435 779102245 902563043 
444797935 858294266 415141335 423204100 347558047 260323411 
291283783 930770460 998780293 892153299 752916076 846768275 
869676494 386733291 540101253 104951031 462173488 703155455 
427903068 368047305 819016739 784118723 583523412 497877907 
719237819 795666501 104305635 599813839 261142432 773892323 
927723137 953706731 390428845 357311398 725499170 159187784 
37283652 457518730 41044974 67824435 779102245 902563043 
444797935 858294266 415141335 423204100 347558047 260323411 
291283783 930770460 998780293 892153299 752916076 846768275 
869676494 386733291 540101253 104951031 462173488 703155455 
5 5
390246198 290662961 364410741 442312568 860857453 
263616474 389344799 380352362 262032481 735742701 
261880977 870672059 624219625 498157634 403543204 
867940276 897425527 459531408 993415511 447077035 
322497750 954223409 670799657 953056092 641428232 
596998698 262306740 264750716 409003898 874925838 
31832370 980631894 380048650 834305086 550161950 
768137687 628737083 252568879 863952468 390526885 
717686057 21569896 530569100 735047136 638669759 
430508750 997182189 769385214 781756925 303595909 
3 2
80651501 337648497 
885836166 791666473 
702461921 469232991 
940191323 917508518 
215110692 669002946 
920212124 416990470 
6 7
607251046 179774768 245296160 255499443 481457210 255201256 811613988 
10916657 260043190 110513247 364498158 386984676 948308339 520588200 
561271062 412644900 133613941 119235721 708408748 473489594 963004249 
175242490 869035312 954270788 177425704 15062080 886999150 670201807 
120221957 393093209 499025124 155612732 424278985 488058197 17591072 
406454987 190817165 521999945 48261760 834502866 931853648 702717172 
631031000 737845596 133335275 258727912 776127307 784992738 507171329 
690597845 174372992 720545334 20092907 961053628 856473559 802509532 
803404326 340667758 702979935 973255707 465284139 686165115 374688943 
179974638 116176269 425173255 767388963 992079117 866596615 21846499 
142664190 738317529 314106296 637818097 262398045 525103916 341037743 
508189264 756093350 263106586 920939623 318096196 856638738 513510290 
3 3
473748102 681581423 672984696 
925024053 39858364 556091564 
963071745 372566976 194605391 
853049401 992649682 819875732 
524853501 882207318 134080794 
441000419 831489478 605805904 
3 10
167197552 54414136 549548268 652632186 325536058 802513750 610616954 626445357 755326692 276128332 
34244063 399155945 518197411 390715553 141825972 586638349 154755075 590467386 349930935 312678272 
937923678 883381441 162711413 59617694 713130178 662529962 352578458 192366977 698647839 525216788 
285601877 311783151 388383591 908811714 531640144 784464161 786471124 567052455 866659395 764639414 
667644000 916104399 297071063 266118449 428308419 458352474 294378842 904406352 825942825 929372355 
516784280 893366479 704826918 695144932 539536462 616179394 917032778 478687178 784380465 165580654 
1 8
901710890 693748904 462465793 817508576 408062726 314395484 851423892 28009800 
12912970 954569860 590798576 922704647 848271765 283157363 626059653 608683258 
8 6
732011078 144778033 719025916 673993353 591148903 516741162 
381132756 374036626 655964657 632889692 687791217 445732373 
78187020 642358428 59137828 846544470 793924502 665190536 
114760528 909466049 18726883 924074813 742403757 231315818 
76985786 151452085 408667113 918289594 761963903 511947081 
436519043 211445657 874967471 688898744 713187166 972967446 
615852354 914707441 111821141 33003663 958331203 830293025 
474658234 723511824 680356568 897375665 784314840 278488902 
607902145 983232510 491330279 844664434 151226134 455124404 
741167954 851813936 299172184 867363505 919288617 871726596 
26842047 766162846 792481544 281040631 633383106 880552606 
747148508 108296314 943651415 351076574 383374219 427243719 
204316168 201948595 421074062 125769370 638001031 681095400 
799329562 681932204 105668020 839675556 927449072 742868149 
41375043 403601793 827356512 762396085 750061852 369816710 
695984243 479884633 817252159 278866091 264911815 158568542 
2 2
1 1
6 1
1 6
1 1
3 3
1 2 3
5 5 6
7 8 9
1 5 7
2 5 6
3 8 9