9
3 3
281708447 77979764 637995604 
391097540 827478136 286057359 
621076287 853564800 485770361 
281708447 77979764 637995604 
391097540 827478136 286057359 
621076287 853564800 485770361 
2 1
232631748 
908688865 
817527083 
961280558 
1 2
87940566 117077663 
211081409 566484329 
3 1
711199506 
189412969 
583935373 
69511454 
461114220 
485604602 
1 1
473351802 
677057733 
3 3
882978410 717713496 654478407 
647217237 919741495 490944952 
175449454 460847585 14241710 
787883425 653164495 390160909 
250641913 222707262 745127174 
269912982 259557695 811111709 
2 3
19555612 413874682 403158963 
912752599 490708594 268799603 
838078938 152184350 28992803 
439353303 822265878 592085197 
2 2
1 1
6 1
1 6
1 1
3 3
1 2 3
5 5 6
7 8 9
1 5 7
2 5 6
3 8 9