6
2 1
163428225 
559727803 
163428225 
559727803 
7 2
124511261 302769426 
723241595 335768719 
30578807 241635319 
526006569 792237548 
194728165 536283170 
572030633 563816882 
451395696 202944512 
36638221 873507694 
433802099 989845075 
715520101 706372215 
764289866 658811764 
604118774 69465428 
766140796 144292151 
915438032 343120340 
10 1
982795706 
448846524 
551936819 
238940496 
231067411 
168196021 
949219817 
154871444 
48248140 
669753570 
877831590 
413997251 
42358352 
783609382 
195410811 
316059637 
203966704 
836442800 
556183275 
520965216 
9 8
505390700 419905830 658209498 932585449 534081427 883147736 543912774 100106699 
874272501 368704850 284736947 501631166 72240618 19795753 812670584 903432239 
318248584 998071809 690951189 103607813 885775860 100221891 191159026 119398019 
102663801 15531619 618380339 808125094 524282853 191201017 968591467 642244970 
496507043 506433033 396632869 840978115 175983078 184560167 855389299 120052980 
569893774 323335938 119263181 770546919 995005253 58608552 330875771 449411323 
229034351 831377414 122841058 935797813 452439164 685851060 270947669 691036773 
737091816 116996349 237073870 508410950 43324415 315065657 168960175 541789020 
965536843 52057892 563153075 14140455 402109044 383103854 796646062 453166492 
241146431 890571053 194605762 76543631 227703280 133717519 455971696 548688347 
415959604 608565644 512514705 97097925 157651544 603761622 399649317 494248567 
857650748 665948081 65237924 688424650 902437385 990377694 658587047 36962036 
935861262 944564231 406380896 122319999 31082901 600819405 841555119 275809828 
681273590 905666875 891176911 502287098 873985584 9659137 735339162 201215485 
481567822 147599726 84435032 442090483 966234405 479794019 986160772 250041873 
995508051 627238417 288466407 296295579 936428966 961002705 676671953 17922333 
267473473 605474669 570561940 897948088 687170097 383502658 776504853 161539868 
954671395 936875061 339798036 852580518 257073427 833094650 891367563 217752077 
2 2
1 1
6 1
1 6
1 1
3 3
1 2 3
5 5 6
7 8 9
1 5 7
2 5 6
3 8 9