10
3 2
220509594 757676969 
62396031 110784732 
417598568 585416633 
220509594 757676969 
62396031 110784732 
417598568 585416633 
2 2
359633292 486613478 
268088456 27199019 
399680891 840420033 
32751844 85056818 
1 2
655678111 925129460 
838566735 874584398 
3 1
406582835 
571261411 
222994407 
36966509 
17052333 
757838231 
3 2
370915105 734702250 
692944438 901123902 
794197890 166519688 
993268216 812537196 
419583499 539788753 
510704540 874083806 
3 1
506786460 
272203449 
389850241 
985478147 
99614933 
508769451 
1 2
748729607 207715534 
935575324 291035364 
1 2
72971131 719189168 
989426377 651637739 
2 2
1 1
6 1
1 6
1 1
3 3
1 2 3
5 5 6
7 8 9
1 5 7
2 5 6
3 8 9