77 24
530 729 851 517 384 870 383 865 511 688 388 252 413 264 604 176 238 330 404 771 993 973 781 80 914 375 61 292 22 486 355 474 314 872 318 952 604 701 911 696 56 864 130 384 157 521 881 18 606 765 513 421 497 637 163 730 155 955 292 375 578 904 437 47 665 105 644 856 728 645 306 764 169 816 419 17 340 
21 35 11290
3 44 12168
19 74 32581
7 64 30075
1 72 21447
72 77 11283
13 43 19970
7 14 22706
9 27 950
33 70 25495
26 51 11591
5 57 6466
26 41 21071
20 55 9511
11 47 15719
61 77 29079
17 72 17201
8 20 6378
29 72 10409
32 38 21488
11 39 13484
17 38 4506
6 63 14536
6 71 9188
