1000 1000
1 485 
1 154 
2 189 
1 116 
1 908 
2 535 
1 835 
1 147 
1 648 
2 994 
1 751 
2 496 
2 367 
1 915 
1 604 
1 393 
2 555 
1 566 
2 855 
1 110 
2 126 
1 514 
2 975 
1 238 
1 306 
2 664 
2 701 
1 390 
1 883 
2 286 
2 177 
1 893 
1 450 
2 776 
1 929 
2 620 
1 38 
1 401 
2 162 
1 167 
2 440 
1 739 
1 113 
1 652 
1 334 
2 858 
1 822 
2 448 
2 423 
1 318 
1 24 
1 244 
2 749 
1 986 
1 172 
2 976 
1 953 
1 233 
1 906 
2 471 
2 130 
2 617 
1 705 
2 818 
2 676 
2 238 
1 132 
2 185 
2 208 
1 80 
1 677 
1 638 
2 612 
2 83 
1 681 
1 790 
2 79 
2 156 
1 28 
1 614 
1 628 
1 600 
1 467 
2 359 
2 381 
2 343 
1 797 
2 614 
2 899 
2 951 
1 254 
2 957 
1 567 
1 969 
1 343 
1 594 
2 769 
2 710 
2 28 
1 132 
2 192 
2 986 
1 1000 
1 306 
1 741 
1 606 
1 786 
2 138 
1 336 
2 665 
2 443 
2 349 
1 495 
1 840 
2 79 
1 2 
2 195 
1 441 
2 986 
2 171 
2 773 
1 686 
1 917 
2 655 
2 974 
1 340 
1 551 
2 309 
1 778 
2 588 
1 103 
1 929 
2 514 
2 361 
2 291 
1 22 
1 39 
2 479 
2 410 
2 601 
2 185 
1 122 
2 113 
1 178 
2 743 
2 608 
1 154 
1 203 
2 463 
1 5 
1 183 
2 969 
1 474 
2 447 
1 627 
1 687 
1 277 
1 460 
2 707 
1 318 
1 194 
2 124 
2 686 
2 186 
2 179 
1 835 
1 826 
1 409 
2 447 
1 328 
2 223 
2 413 
1 171 
1 416 
2 603 
2 5 
2 794 
2 658 
2 174 
2 627 
2 179 
2 806 
2 684 
2 493 
1 776 
1 414 
2 467 
1 201 
2 67 
2 39 
2 87 
2 810 
2 827 
2 998 
1 122 
1 198 
2 285 
2 218 
1 585 
2 33 
2 532 
2 407 
2 679 
1 933 
2 152 
1 985 
2 357 
1 159 
2 193 
2 74 
2 505 
2 468 
2 31 
1 706 
2 349 
2 439 
2 298 
1 661 
2 104 
2 830 
1 536 
2 15 
2 115 
1 811 
2 832 
2 960 
1 101 
1 671 
2 589 
2 202 
2 616 
2 281 
1 284 
2 852 
2 985 
1 283 
1 957 
2 469 
1 159 
1 446 
1 863 
2 490 
1 802 
1 723 
2 440 
1 475 
1 463 
2 776 
1 937 
2 190 
2 620 
2 8 
2 923 
2 200 
2 11 
1 172 
1 922 
1 244 
2 289 
2 878 
2 443 
1 137 
1 996 
2 289 
1 768 
1 59 
1 240 
2 283 
2 648 
2 710 
1 469 
2 345 
1 494 
2 828 
2 540 
2 778 
2 900 
2 63 
2 832 
2 902 
1 301 
1 365 
2 121 
2 342 
1 822 
1 615 
1 467 
2 972 
1 269 
1 726 
1 632 
2 279 
2 961 
2 979 
2 807 
2 540 
2 491 
2 72 
1 810 
2 838 
1 229 
1 284 
1 371 
1 123 
2 921 
2 756 
1 193 
2 855 
2 688 
1 808 
1 973 
2 192 
2 571 
2 758 
2 241 
1 794 
2 271 
1 643 
1 452 
1 265 
2 774 
1 104 
2 108 
1 20 
2 247 
2 801 
2 810 
2 882 
2 103 
1 861 
1 261 
2 870 
2 114 
1 109 
2 393 
2 382 
2 577 
2 420 
1 299 
1 403 
2 490 
1 322 
1 890 
1 945 
2 830 
1 481 
1 551 
1 672 
1 226 
2 922 
1 288 
2 734 
2 980 
1 396 
2 691 
2 852 
2 890 
1 356 
1 649 
2 870 
1 599 
2 788 
1 783 
1 858 
1 398 
1 475 
2 491 
1 469 
1 862 
1 257 
2 544 
1 976 
2 714 
2 51 
2 527 
1 547 
1 268 
2 908 
1 126 
2 585 
2 244 
2 518 
1 908 
1 563 
1 781 
1 454 
1 664 
2 137 
2 296 
2 666 
2 240 
2 157 
1 244 
1 513 
2 204 
1 44 
2 917 
2 940 
2 925 
2 251 
1 501 
1 605 
1 308 
2 19 
2 690 
2 895 
1 904 
1 465 
1 206 
1 113 
1 540 
2 167 
1 271 
2 165 
2 240 
2 211 
1 674 
1 416 
2 498 
1 276 
2 118 
2 103 
1 335 
2 233 
2 590 
1 854 
2 424 
2 232 
1 134 
2 42 
2 183 
1 170 
2 785 
1 889 
2 163 
1 974 
2 801 
1 504 
1 897 
1 414 
2 263 
1 908 
1 671 
2 713 
2 272 
1 961 
2 408 
1 238 
2 302 
1 676 
1 783 
1 297 
2 98 
1 405 
1 210 
2 133 
2 242 
2 109 
2 998 
2 199 
2 199 
2 249 
1 429 
2 447 
2 968 
1 175 
1 900 
1 799 
2 167 
2 716 
2 234 
1 308 
2 721 
2 607 
2 397 
1 173 
1 463 
1 478 
2 264 
2 927 
2 635 
2 114 
1 533 
2 522 
2 516 
2 824 
2 877 
2 793 
1 99 
1 590 
2 945 
2 651 
1 86 
1 38 
1 916 
1 770 
1 727 
1 851 
1 34 
2 871 
2 223 
2 468 
1 527 
1 672 
1 967 
1 772 
2 764 
1 900 
2 334 
1 362 
1 16 
1 907 
1 876 
2 744 
2 242 
1 798 
2 494 
2 406 
1 72 
1 8 
1 807 
2 919 
2 211 
1 635 
2 919 
1 120 
1 994 
2 700 
1 633 
1 785 
2 259 
2 344 
2 79 
1 415 
2 708 
1 754 
1 194 
2 535 
2 626 
1 240 
1 661 
2 337 
1 404 
1 244 
1 946 
2 488 
1 857 
1 423 
2 63 
1 401 
2 15 
1 848 
2 35 
1 114 
1 358 
1 165 
1 867 
1 181 
1 660 
2 907 
2 620 
1 309 
1 553 
1 39 
2 765 
2 143 
2 401 
1 787 
2 878 
1 498 
2 202 
2 610 
2 433 
2 701 
1 748 
2 477 
2 189 
2 22 
2 881 
2 142 
2 767 
1 391 
2 30 
1 1000 
2 338 
2 499 
1 540 
2 858 
2 504 
2 615 
2 782 
1 62 
2 107 
2 33 
2 254 
2 294 
2 169 
2 60 
1 194 
1 609 
2 503 
1 155 
2 312 
1 344 
2 396 
1 236 
1 270 
2 554 
2 484 
1 912 
2 759 
2 969 
2 938 
1 165 
1 747 
1 138 
1 532 
1 455 
2 676 
1 123 
2 804 
2 544 
2 968 
1 831 
2 535 
2 581 
2 603 
2 380 
1 716 
2 771 
1 211 
1 519 
1 242 
1 899 
1 816 
2 247 
1 232 
2 900 
2 522 
2 860 
2 372 
1 92 
1 933 
2 955 
1 278 
2 289 
1 831 
2 358 
1 839 
1 501 
2 612 
2 936 
2 894 
2 988 
1 971 
1 368 
2 887 
1 453 
1 535 
2 968 
2 401 
1 573 
2 660 
1 985 
1 285 
1 272 
1 723 
2 116 
1 297 
2 696 
1 31 
1 873 
2 746 
2 923 
2 684 
2 939 
1 336 
2 756 
1 589 
2 95 
2 224 
2 873 
1 208 
2 733 
1 261 
2 26 
2 2 
2 235 
2 151 
2 652 
2 828 
2 530 
2 921 
1 218 
2 182 
2 399 
2 118 
1 88 
1 859 
1 15 
1 148 
2 813 
2 652 
1 590 
1 880 
1 733 
2 89 
2 977 
2 807 
1 71 
1 380 
1 149 
1 689 
2 562 
1 814 
1 546 
1 935 
1 24 
1 137 
2 563 
2 729 
1 68 
2 247 
2 886 
1 414 
2 239 
2 220 
2 788 
1 253 
1 140 
2 457 
2 314 
2 604 
2 313 
1 84 
2 710 
1 383 
2 534 
1 628 
2 558 
1 537 
2 934 
1 784 
1 933 
2 340 
2 606 
2 71 
2 220 
2 532 
1 642 
2 183 
1 54 
2 297 
1 227 
1 682 
2 890 
2 712 
1 212 
2 50 
1 178 
2 556 
2 949 
2 3 
1 740 
2 47 
1 185 
2 109 
2 519 
1 517 
2 229 
2 377 
2 796 
1 688 
1 653 
1 100 
2 674 
1 709 
2 403 
2 773 
1 117 
2 870 
1 268 
1 556 
1 885 
1 929 
2 807 
1 683 
2 102 
2 781 
2 717 
2 487 
1 572 
1 141 
2 317 
1 103 
2 429 
1 471 
1 641 
1 760 
1 940 
1 419 
1 77 
2 161 
2 400 
2 410 
1 666 
2 48 
2 170 
2 646 
1 863 
2 337 
2 798 
2 379 
2 478 
2 63 
2 35 
1 691 
1 974 
2 275 
2 947 
1 333 
2 788 
2 995 
2 723 
2 507 
2 902 
1 286 
1 400 
1 586 
1 577 
2 925 
1 406 
1 415 
2 744 
1 846 
2 774 
1 497 
2 645 
2 535 
1 238 
1 868 
1 597 
1 353 
1 141 
1 316 
2 508 
2 353 
2 18 
1 555 
2 431 
1 588 
2 539 
1 33 
1 221 
2 781 
2 407 
1 922 
2 386 
1 434 
2 555 
1 746 
1 221 
2 189 
2 621 
1 433 
1 584 
1 863 
2 556 
1 665 
1 160 
2 255 
1 865 
1 657 
1 396 
1 811 
2 734 
1 664 
2 59 
1 736 
1 517 
1 115 
1 677 
1 979 
1 859 
2 698 
2 834 
2 390 
1 445 
1 11 
1 243 
2 84 
1 724 
2 875 
2 425 
1 670 
2 270 
2 213 
1 699 
2 998 
2 946 
2 592 
2 827 
2 783 
2 813 
2 230 
1 18 
2 120 
1 103 
1 249 
2 465 
2 251 
1 661 
1 869 
1 278 
2 762 
1 593 
1 838 
2 407 
2 684 
1 504 
2 498 
1 631 
2 210 
2 987 
2 979 
2 349 
2 215 
1 252 
2 671 
2 412 
1 111 
2 249 
1 874 
2 810 
2 498 
2 637 
1 477 
1 437 
2 522 
2 927 
2 79 
1 899 
1 485 
2 774 
1 69 
2 448 
2 295 
1 913 
1 653 
1 900 
1 446 
2 222 
1 953 
1 425 
1 186 
1 577 
2 926 
2 829 
1 515 
1 333 
2 409 
1 858 
1 859 
2 147 
1 649 
1 865 
2 214 
1 402 
2 98 
2 595 
2 538 
1 790 
2 648 
1 165 
2 440 
2 253 
1 357 
1 593 
1 91 
1 777 
2 745 
2 925 
1 160 
2 92 
2 462 
1 672 
1 301 
2 696 
1 998 
1 173 
2 64 
2 138 
2 461 
2 83 
2 644 
2 157 
2 747 
2 8 
2 460 
1 752 
