771 158
1 2
2 3
1 4
2 5
5 6
4 7
1 8
7 9
7 10
2 11
4 12
5 13
13 14
2 15
1 16
15 17
17 18
18 19
2 20
20 21
7 22
4 23
15 24
16 25
22 26
20 27
22 28
26 29
23 30
9 31
13 32
9 33
1 34
33 35
22 36
36 37
36 38
12 39
2 40
16 41
39 42
16 43
23 44
41 45
1 46
37 47
30 48
26 49
7 50
40 51
2 52
32 53
17 54
41 55
16 56
18 57
57 58
46 59
25 60
31 61
44 62
53 63
20 64
53 65
14 66
20 67
66 68
55 69
60 70
6 71
34 72
54 73
72 74
43 75
36 76
13 77
34 78
59 79
19 80
47 81
27 82
81 83
19 84
24 85
74 86
43 87
37 88
81 89
40 90
12 91
24 92
79 93
35 94
71 95
48 96
72 97
87 98
65 99
58 100
45 101
68 102
17 103
47 104
30 105
27 106
99 107
5 108
23 109
57 110
68 111
67 112
40 113
82 114
95 115
74 116
46 117
46 118
6 119
67 120
71 121
60 122
50 123
102 124
116 125
63 126
31 127
9 128
74 129
64 130
112 131
31 132
128 133
7 134
126 135
108 136
92 137
82 138
67 139
5 140
136 141
83 142
6 143
54 144
115 145
133 146
13 147
138 148
100 149
67 150
89 151
74 152
43 153
8 154
147 155
141 156
145 157
140 158
41 159
91 160
75 161
47 162
81 163
116 164
44 165
80 166
59 167
151 168
9 169
90 170
35 171
166 172
161 173
30 174
17 175
156 176
74 177
72 178
71 179
140 180
49 181
98 182
162 183
42 184
73 185
73 186
56 187
9 188
134 189
133 190
127 191
77 192
35 193
163 194
44 195
8 196
15 197
180 198
111 199
163 200
163 201
179 202
66 203
10 204
12 205
97 206
71 207
73 208
123 209
133 210
56 211
6 212
136 213
2 214
118 215
166 216
140 217
17 218
189 219
99 220
128 221
51 222
117 223
88 224
74 225
86 226
166 227
220 228
52 229
19 230
110 231
212 232
79 233
86 234
92 235
7 236
17 237
198 238
180 239
8 240
128 241
214 242
196 243
148 244
51 245
229 246
11 247
236 248
246 249
56 250
45 251
183 252
71 253
250 254
22 255
116 256
240 257
43 258
224 259
44 260
165 261
195 262
77 263
13 264
57 265
22 266
79 267
64 268
174 269
266 270
128 271
204 272
191 273
2 274
19 275
218 276
255 277
175 278
269 279
95 280
118 281
116 282
159 283
247 284
251 285
230 286
173 287
161 288
45 289
202 290
10 291
290 292
207 293
26 294
34 295
101 296
246 297
268 298
99 299
105 300
90 301
116 302
149 303
121 304
98 305
58 306
275 307
233 308
227 309
154 310
263 311
33 312
228 313
245 314
175 315
23 316
264 317
46 318
98 319
129 320
185 321
121 322
44 323
311 324
66 325
296 326
274 327
166 328
40 329
109 330
313 331
257 332
330 333
208 334
18 335
186 336
183 337
174 338
272 339
307 340
59 341
19 342
201 343
258 344
119 345
1 346
42 347
90 348
308 349
183 350
183 351
49 352
341 353
303 354
56 355
170 356
32 357
133 358
76 359
215 360
240 361
304 362
23 363
313 364
96 365
33 366
15 367
142 368
152 369
317 370
302 371
97 372
30 373
369 374
148 375
103 376
269 377
295 378
351 379
306 380
221 381
143 382
312 383
42 384
55 385
384 386
110 387
331 388
315 389
41 390
128 391
8 392
6 393
152 394
386 395
84 396
181 397
146 398
15 399
269 400
115 401
26 402
233 403
170 404
331 405
151 406
108 407
45 408
169 409
291 410
240 411
363 412
139 413
398 414
113 415
165 416
328 417
60 418
128 419
151 420
359 421
264 422
177 423
37 424
303 425
238 426
94 427
228 428
62 429
65 430
336 431
190 432
88 433
11 434
103 435
300 436
280 437
409 438
66 439
101 440
179 441
66 442
276 443
68 444
199 445
233 446
74 447
356 448
24 449
355 450
65 451
202 452
339 453
452 454
136 455
319 456
301 457
144 458
351 459
113 460
51 461
22 462
98 463
150 464
11 465
312 466
168 467
133 468
468 469
398 470
74 471
188 472
346 473
294 474
279 475
247 476
61 477
371 478
253 479
389 480
287 481
85 482
214 483
386 484
183 485
42 486
297 487
272 488
9 489
56 490
73 491
460 492
82 493
148 494
161 495
476 496
110 497
354 498
436 499
284 500
150 501
275 502
147 503
353 504
420 505
432 506
322 507
321 508
316 509
392 510
298 511
475 512
21 513
327 514
113 515
349 516
132 517
227 518
257 519
439 520
307 521
360 522
291 523
47 524
7 525
83 526
37 527
105 528
343 529
259 530
455 531
216 532
376 533
368 534
383 535
256 536
493 537
326 538
475 539
158 540
340 541
245 542
493 543
395 544
490 545
220 546
280 547
496 548
118 549
2 550
182 551
519 552
216 553
85 554
441 555
323 556
179 557
314 558
6 559
428 560
409 561
32 562
466 563
196 564
202 565
325 566
250 567
557 568
418 569
171 570
323 571
72 572
369 573
257 574
402 575
147 576
150 577
394 578
497 579
99 580
1 581
7 582
213 583
373 584
539 585
29 586
80 587
525 588
563 589
184 590
536 591
42 592
535 593
44 594
431 595
107 596
54 597
553 598
555 599
281 600
213 601
430 602
369 603
238 604
113 605
262 606
40 607
368 608
209 609
420 610
153 611
336 612
171 613
460 614
540 615
404 616
18 617
316 618
494 619
60 620
233 621
318 622
161 623
312 624
263 625
275 626
129 627
79 628
169 629
237 630
622 631
444 632
203 633
226 634
559 635
184 636
570 637
544 638
62 639
348 640
27 641
216 642
41 643
139 644
118 645
200 646
564 647
583 648
640 649
199 650
483 651
302 652
371 653
476 654
607 655
398 656
531 657
85 658
98 659
413 660
86 661
7 662
408 663
372 664
392 665
314 666
652 667
263 668
16 669
504 670
254 671
310 672
524 673
266 674
321 675
150 676
471 677
271 678
434 679
449 680
233 681
460 682
67 683
208 684
587 685
530 686
526 687
61 688
513 689
198 690
600 691
34 692
475 693
155 694
179 695
53 696
129 697
60 698
215 699
469 700
417 701
369 702
100 703
68 704
300 705
51 706
309 707
279 708
664 709
320 710
640 711
705 712
608 713
604 714
47 715
637 716
576 717
318 718
12 719
197 720
615 721
558 722
665 723
106 724
183 725
449 726
267 727
463 728
144 729
114 730
30 731
202 732
578 733
417 734
538 735
34 736
619 737
736 738
581 739
104 740
430 741
318 742
607 743
529 744
171 745
485 746
495 747
310 748
91 749
360 750
239 751
370 752
111 753
703 754
655 755
629 756
749 757
267 758
337 759
698 760
618 761
563 762
10 763
475 764
637 765
87 766
322 767
493 768
449 769
140 770
351 771
