957 297
1 2
2 3
3 4
4 5
4 6
2 7
6 8
2 9
9 10
10 11
2 12
10 13
10 14
9 15
4 16
14 17
16 18
11 19
13 20
19 21
10 22
21 23
18 24
12 25
11 26
8 27
14 28
5 29
22 30
4 31
1 32
6 33
5 34
6 35
30 36
3 37
15 38
11 39
15 40
5 41
26 42
13 43
39 44
14 45
38 46
17 47
43 48
38 49
37 50
14 51
13 52
12 53
6 54
13 55
15 56
9 57
23 58
19 59
37 60
28 61
51 62
18 63
16 64
64 65
24 66
61 67
44 68
24 69
52 70
34 71
34 72
59 73
36 74
20 75
35 76
5 77
7 78
50 79
21 80
66 81
3 82
19 83
44 84
55 85
17 86
40 87
32 88
18 89
84 90
71 91
87 92
11 93
78 94
77 95
58 96
48 97
83 98
14 99
9 100
2 101
61 102
45 103
5 104
6 105
10 106
45 107
22 108
20 109
106 110
45 111
3 112
103 113
113 114
106 115
63 116
89 117
3 118
104 119
69 120
33 121
14 122
122 123
78 124
48 125
74 126
102 127
10 128
88 129
72 130
49 131
78 132
91 133
5 134
7 135
94 136
125 137
3 138
70 139
105 140
129 141
17 142
130 143
128 144
33 145
14 146
24 147
67 148
117 149
84 150
111 151
86 152
20 153
51 154
54 155
155 156
138 157
54 158
7 159
3 160
71 161
55 162
19 163
32 164
135 165
24 166
141 167
55 168
68 169
145 170
93 171
93 172
77 173
91 174
64 175
27 176
5 177
144 178
151 179
164 180
69 181
122 182
131 183
41 184
167 185
48 186
173 187
74 188
72 189
32 190
63 191
118 192
13 193
13 194
33 195
162 196
76 197
6 198
163 199
60 200
12 201
57 202
30 203
101 204
100 205
171 206
88 207
132 208
93 209
64 210
91 211
122 212
157 213
96 214
202 215
5 216
164 217
60 218
43 219
115 220
188 221
48 222
212 223
49 224
201 225
216 226
13 227
27 228
34 229
47 230
199 231
81 232
53 233
219 234
3 235
10 236
134 237
229 238
66 239
223 240
168 241
223 242
211 243
78 244
15 245
218 246
106 247
204 248
39 249
76 250
46 251
69 252
10 253
96 254
170 255
68 256
45 257
43 258
256 259
10 260
70 261
29 262
1 263
33 264
145 265
215 266
8 267
204 268
115 269
55 270
61 271
172 272
228 273
117 274
19 275
106 276
120 277
101 278
275 279
245 280
22 281
197 282
79 283
5 284
186 285
82 286
65 287
11 288
232 289
69 290
58 291
140 292
168 293
265 294
103 295
254 296
230 297
267 298
171 299
252 300
195 301
245 302
28 303
192 304
142 305
162 306
52 307
303 308
175 309
222 310
145 311
47 312
71 313
202 314
172 315
263 316
243 317
187 318
266 319
302 320
292 321
134 322
214 323
274 324
183 325
50 326
257 327
323 328
120 329
139 330
192 331
75 332
38 333
7 334
303 335
243 336
24 337
127 338
160 339
41 340
186 341
23 342
18 343
285 344
32 345
247 346
290 347
239 348
288 349
138 350
179 351
321 352
92 353
352 354
86 355
153 356
85 357
144 358
240 359
198 360
33 361
261 362
189 363
110 364
238 365
290 366
227 367
332 368
27 369
250 370
255 371
326 372
288 373
14 374
134 375
1 376
73 377
362 378
263 379
19 380
207 381
305 382
253 383
118 384
236 385
320 386
291 387
178 388
300 389
68 390
71 391
239 392
23 393
249 394
207 395
159 396
172 397
192 398
91 399
49 400
129 401
398 402
206 403
184 404
10 405
125 406
290 407
314 408
72 409
84 410
83 411
343 412
138 413
356 414
398 415
183 416
307 417
391 418
274 419
132 420
152 421
17 422
404 423
261 424
14 425
407 426
93 427
300 428
396 429
149 430
223 431
427 432
57 433
224 434
221 435
141 436
402 437
156 438
262 439
356 440
381 441
432 442
102 443
406 444
291 445
67 446
260 447
143 448
1 449
88 450
321 451
381 452
183 453
224 454
225 455
164 456
76 457
258 458
409 459
160 460
279 461
239 462
206 463
46 464
221 465
325 466
407 467
241 468
203 469
18 470
393 471
173 472
290 473
113 474
196 475
298 476
97 477
172 478
249 479
366 480
97 481
334 482
419 483
333 484
128 485
89 486
312 487
28 488
35 489
290 490
273 491
77 492
21 493
81 494
283 495
19 496
274 497
228 498
6 499
339 500
138 501
479 502
405 503
150 504
201 505
359 506
469 507
196 508
195 509
118 510
368 511
394 512
477 513
418 514
197 515
422 516
495 517
250 518
67 519
377 520
347 521
455 522
67 523
348 524
522 525
56 526
102 527
129 528
196 529
305 530
428 531
93 532
115 533
25 534
232 535
375 536
348 537
420 538
71 539
132 540
275 541
126 542
379 543
277 544
128 545
391 546
161 547
446 548
391 549
420 550
96 551
314 552
294 553
333 554
453 555
336 556
218 557
108 558
488 559
49 560
273 561
534 562
368 563
390 564
400 565
317 566
210 567
314 568
499 569
147 570
408 571
414 572
488 573
560 574
437 575
351 576
505 577
487 578
50 579
94 580
214 581
437 582
72 583
460 584
186 585
72 586
319 587
113 588
457 589
468 590
480 591
402 592
264 593
305 594
176 595
61 596
259 597
559 598
581 599
65 600
412 601
210 602
14 603
196 604
393 605
267 606
434 607
436 608
170 609
309 610
72 611
214 612
470 613
365 614
86 615
54 616
75 617
429 618
579 619
76 620
355 621
170 622
420 623
555 624
595 625
585 626
349 627
435 628
491 629
292 630
5 631
331 632
319 633
15 634
179 635
210 636
124 637
456 638
226 639
633 640
98 641
178 642
382 643
299 644
7 645
255 646
124 647
281 648
531 649
219 650
137 651
136 652
308 653
192 654
283 655
21 656
471 657
15 658
637 659
136 660
397 661
35 662
4 663
605 664
46 665
539 666
349 667
137 668
447 669
51 670
213 671
310 672
305 673
347 674
210 675
50 676
83 677
611 678
104 679
445 680
416 681
227 682
288 683
570 684
209 685
166 686
82 687
175 688
512 689
412 690
262 691
439 692
637 693
437 694
432 695
49 696
483 697
96 698
416 699
449 700
264 701
666 702
86 703
21 704
448 705
490 706
495 707
382 708
134 709
311 710
664 711
432 712
678 713
26 714
609 715
545 716
88 717
455 718
373 719
366 720
211 721
356 722
197 723
186 724
132 725
374 726
225 727
276 728
316 729
148 730
554 731
272 732
476 733
325 734
729 735
295 736
301 737
594 738
300 739
720 740
61 741
628 742
2 743
170 744
363 745
331 746
302 747
14 748
606 749
530 750
65 751
212 752
634 753
458 754
334 755
616 756
405 757
190 758
733 759
355 760
191 761
419 762
431 763
227 764
80 765
177 766
593 767
291 768
625 769
147 770
495 771
230 772
450 773
249 774
166 775
680 776
425 777
72 778
335 779
7 780
515 781
720 782
477 783
79 784
436 785
240 786
310 787
405 788
138 789
275 790
136 791
59 792
536 793
318 794
55 795
110 796
158 797
673 798
616 799
249 800
140 801
251 802
399 803
184 804
478 805
763 806
379 807
631 808
392 809
125 810
90 811
289 812
723 813
195 814
543 815
499 816
623 817
57 818
687 819
725 820
74 821
467 822
91 823
345 824
441 825
761 826
270 827
620 828
120 829
402 830
32 831
819 832
525 833
477 834
749 835
88 836
243 837
236 838
386 839
270 840
442 841
15 842
795 843
767 844
750 845
365 846
498 847
310 848
632 849
273 850
309 851
307 852
818 853
301 854
212 855
657 856
414 857
526 858
162 859
434 860
564 861
802 862
134 863
760 864
518 865
757 866
287 867
517 868
837 869
451 870
439 871
755 872
653 873
253 874
242 875
183 876
780 877
647 878
447 879
297 880
1 881
85 882
643 883
374 884
252 885
264 886
60 887
527 888
93 889
657 890
607 891
650 892
101 893
246 894
252 895
353 896
118 897
578 898
64 899
209 900
786 901
673 902
358 903
185 904
861 905
366 906
341 907
338 908
549 909
747 910
48 911
712 912
483 913
843 914
91 915
260 916
683 917
269 918
499 919
817 920
388 921
902 922
351 923
61 924
418 925
619 926
377 927
604 928
557 929
566 930
578 931
488 932
542 933
384 934
713 935
345 936
748 937
610 938
544 939
671 940
649 941
729 942
220 943
787 944
744 945
116 946
398 947
525 948
372 949
834 950
219 951
215 952
269 953
287 954
715 955
158 956
701 957
