500
37
28
3
18
3
11
18
6
20
24
34
26
14
33
5
16
14
35
20
24
26
7
9
10
31
24
28
19
2
35
6
38
34
7
5
35
18
33
3
7
6
16
36
29
32
40
2
4
2
16
21
21
22
32
2
26
22
37
13
5
6
24
17
37
13
23
39
8
25
20
7
3
30
1
11
17
8
19
34
3
20
28
29
36
7
14
7
6
20
1
35
19
14
18
7
26
33
1
8
29
30
11
28
7
40
22
38
13
24
37
32
31
24
20
8
26
29
2
31
28
1
20
8
30
24
26
7
7
35
8
20
4
22
13
5
12
13
40
6
26
32
8
20
12
1
9
10
30
40
29
37
35
34
15
37
25
8
5
37
13
6
25
11
38
13
37
10
23
19
20
29
15
26
35
8
16
5
21
15
24
17
37
3
31
7
26
31
37
37
40
27
32
1
24
16
10
24
13
30
10
21
31
25
19
18
38
13
28
29
11
27
37
40
14
21
37
15
7
28
32
17
18
30
35
24
9
18
21
2
38
36
32
37
38
15
14
40
27
16
16
28
24
21
34
34
25
3
21
8
5
19
38
28
25
10
30
13
35
16
17
10
29
10
29
9
22
14
25
14
3
29
15
15
24
38
16
22
29
2
7
22
24
14
22
17
28
1
27
8
35
8
9
39
36
13
11
39
17
38
40
33
38
40
13
34
8
38
26
32
23
37
2
11
12
21
33
23
31
31
5
1
24
18
36
9
35
21
22
27
37
24
27
38
3
5
26
4
2
25
27
2
19
36
12
9
25
15
2
23
8
24
7
34
37
25
21
30
8
1
12
34
17
33
4
10
25
28
24
21
34
16
19
17
23
10
17
8
13
16
31
2
7
15
14
31
31
22
16
6
34
19
13
11
8
7
38
19
5
17
10
32
39
16
28
17
16
13
30
35
31
21
11
37
31
33
12
18
38
12
32
12
31
22
39
21
37
34
23
7
31
25
23
23
1
25
10
15
11
19
35
35
2
2
6
5
39
6
27
26
25
35
13
9
15
35
35
15
15
38
23
32
25
7
33
17
8
12
10
2
26
15
7
23
36
17
20
38
28
6
40
23
32
36
22
17
29
2
38
26
12
21
8
11
34
28
24
19
1
13
29
