500
22
3
10
5
9
9
18
11
14
11
18
14
6
17
8
3
11
4
6
11
1
23
17
3
17
11
18
6
6
19
10
4
25
27
10
15
27
1
12
6
12
27
22
13
3
30
3
26
5
26
14
4
24
14
21
4
11
7
27
27
8
19
9
18
11
19
4
15
2
20
5
16
19
22
19
24
15
15
8
11
4
9
12
4
9
15
19
20
13
29
6
20
24
23
24
20
25
14
16
10
17
11
18
13
29
21
18
24
10
4
2
6
11
4
7
4
6
5
19
1
19
19
7
14
10
14
11
9
16
29
26
6
3
19
9
10
24
25
17
27
16
23
22
13
24
19
30
21
8
3
29
30
25
6
28
9
23
12
7
13
15
20
25
23
19
4
21
10
30
22
24
18
3
17
2
6
14
6
21
19
17
6
11
6
20
16
8
9
15
3
22
17
20
19
19
17
21
14
1
20
11
2
8
20
9
21
24
1
25
26
12
26
5
21
27
17
26
19
15
21
30
28
11
16
4
7
18
20
5
9
28
30
11
15
20
7
28
21
26
10
4
16
21
29
22
25
22
14
24
15
9
13
11
15
25
30
3
17
1
8
1
11
27
28
2
16
30
8
20
6
11
15
7
16
19
24
17
19
14
23
8
3
15
30
16
18
9
23
9
11
10
19
6
21
28
11
9
13
12
1
22
17
28
15
9
19
17
7
28
10
4
1
17
11
1
26
27
29
25
18
1
13
29
2
9
11
25
27
4
20
12
30
16
16
21
28
12
16
4
21
15
2
2
27
19
26
19
6
14
6
20
22
17
11
30
4
24
9
17
5
11
11
29
28
7
16
9
19
8
21
30
29
3
14
26
29
21
11
9
23
24
10
2
13
19
24
27
27
9
4
25
16
7
3
2
21
28
4
29
19
30
1
27
20
30
26
12
2
2
26
5
24
15
26
30
7
3
5
9
17
1
13
6
2
19
10
7
22
22
11
2
17
23
1
5
13
15
5
4
14
25
23
23
6
9
6
12
27
22
2
14
8
28
11
10
23
25
20
9
25
28
11
6
10
24
12
14
23
11
25
14
25
25
10
24
8
6
16
10
13
23
25
6
26
19
12
23
2
9
20
6
5
13
18
6
7
24
25
18
6
